  -0.39900000E+01   0.23990000E+02    2798   0.10000000E-01
  -0.39900000E+01   0.13200240E+01
  -0.39800000E+01   0.13197107E+01
  -0.39700000E+01   0.13194021E+01
  -0.39600000E+01   0.13190985E+01
  -0.39500000E+01   0.13187797E+01
  -0.39400000E+01   0.13184656E+01
  -0.39300000E+01   0.13181614E+01
  -0.39200000E+01   0.13178471E+01
  -0.39100000E+01   0.13175325E+01
  -0.39000000E+01   0.13172228E+01
  -0.38900000E+01   0.13169079E+01
  -0.38800000E+01   0.13165978E+01
  -0.38700000E+01   0.13162876E+01
  -0.38600000E+01   0.13159722E+01
  -0.38500000E+01   0.13156566E+01
  -0.38400000E+01   0.13153458E+01
  -0.38300000E+01   0.13150399E+01
  -0.38200000E+01   0.13147189E+01
  -0.38100000E+01   0.13144025E+01
  -0.38000000E+01   0.13140961E+01
  -0.37900000E+01   0.13137795E+01
  -0.37800000E+01   0.13134627E+01
  -0.37700000E+01   0.13131457E+01
  -0.37600000E+01   0.13128335E+01
  -0.37500000E+01   0.13125212E+01
  -0.37400000E+01   0.13122037E+01
  -0.37300000E+01   0.13118910E+01
  -0.37200000E+01   0.13115782E+01
  -0.37100000E+01   0.13112552E+01
  -0.37000000E+01   0.13109419E+01
  -0.36900000E+01   0.13106286E+01
  -0.36800000E+01   0.13103050E+01
  -0.36700000E+01   0.13099912E+01
  -0.36600000E+01   0.13096823E+01
  -0.36500000E+01   0.13093633E+01
  -0.36400000E+01   0.13090440E+01
  -0.36300000E+01   0.13087246E+01
  -0.36200000E+01   0.13084049E+01
  -0.36100000E+01   0.13080901E+01
  -0.36000000E+01   0.13077751E+01
  -0.35900000E+01   0.13074550E+01
  -0.35800000E+01   0.13071346E+01
  -0.35700000E+01   0.13068191E+01
  -0.35600000E+01   0.13065034E+01
  -0.35500000E+01   0.13061826E+01
  -0.35400000E+01   0.13058615E+01
  -0.35300000E+01   0.13055453E+01
  -0.35200000E+01   0.13052239E+01
  -0.35100000E+01   0.13049023E+01
  -0.35000000E+01   0.13045855E+01
  -0.34900000E+01   0.13042636E+01
  -0.34800000E+01   0.13039414E+01
  -0.34700000E+01   0.13036241E+01
  -0.34600000E+01   0.13033016E+01
  -0.34500000E+01   0.13029839E+01
  -0.34400000E+01   0.13026661E+01
  -0.34300000E+01   0.13023431E+01
  -0.34200000E+01   0.13020199E+01
  -0.34100000E+01   0.13016965E+01
  -0.34000000E+01   0.13013729E+01
  -0.33900000E+01   0.13010541E+01
  -0.33800000E+01   0.13007352E+01
  -0.33700000E+01   0.13004061E+01
  -0.33600000E+01   0.13000817E+01
  -0.33500000E+01   0.12997672E+01
  -0.33400000E+01   0.12994426E+01
  -0.33300000E+01   0.12991177E+01
  -0.33200000E+01   0.12987977E+01
  -0.33100000E+01   0.12984675E+01
  -0.33000000E+01   0.12981420E+01
  -0.32900000E+01   0.12978264E+01
  -0.32800000E+01   0.12975007E+01
  -0.32700000E+01   0.12971747E+01
  -0.32600000E+01   0.12968486E+01
  -0.32500000E+01   0.12965222E+01
  -0.32400000E+01   0.12962007E+01
  -0.32300000E+01   0.12958740E+01
  -0.32200000E+01   0.12955521E+01
  -0.32100000E+01   0.12952251E+01
  -0.32000000E+01   0.12948978E+01
  -0.31900000E+01   0.12945704E+01
  -0.31800000E+01   0.12942427E+01
  -0.31700000E+01   0.12939199E+01
  -0.31600000E+01   0.12935919E+01
  -0.31500000E+01   0.12932637E+01
  -0.31400000E+01   0.12929403E+01
  -0.31300000E+01   0.12926118E+01
  -0.31200000E+01   0.12922830E+01
  -0.31100000E+01   0.12919591E+01
  -0.31000000E+01   0.12916300E+01
  -0.30900000E+01   0.12913007E+01
  -0.30800000E+01   0.12909712E+01
  -0.30700000E+01   0.12906415E+01
  -0.30600000E+01   0.12903116E+01
  -0.30500000E+01   0.12899865E+01
  -0.30400000E+01   0.12896563E+01
  -0.30300000E+01   0.12893258E+01
  -0.30200000E+01   0.12890002E+01
  -0.30100000E+01   0.12886694E+01
  -0.30000000E+01   0.12883334E+01
  -0.29900000E+01   0.12880071E+01
  -0.29800000E+01   0.12876808E+01
  -0.29700000E+01   0.12873442E+01
  -0.29600000E+01   0.12870124E+01
  -0.29500000E+01   0.12866854E+01
  -0.29400000E+01   0.12863533E+01
  -0.29300000E+01   0.12860209E+01
  -0.29200000E+01   0.12856934E+01
  -0.29100000E+01   0.12853557E+01
  -0.29000000E+01   0.12850227E+01
  -0.28900000E+01   0.12846946E+01
  -0.28800000E+01   0.12843613E+01
  -0.28700000E+01   0.12840278E+01
  -0.28600000E+01   0.12836941E+01
  -0.28500000E+01   0.12833652E+01
  -0.28400000E+01   0.12830312E+01
  -0.28300000E+01   0.12826919E+01
  -0.28200000E+01   0.12823624E+01
  -0.28100000E+01   0.12820278E+01
  -0.28000000E+01   0.12816929E+01
  -0.27900000E+01   0.12813579E+01
  -0.27800000E+01   0.12810226E+01
  -0.27700000E+01   0.12806922E+01
  -0.27600000E+01   0.12803516E+01
  -0.27500000E+01   0.12800157E+01
  -0.27400000E+01   0.12796847E+01
  -0.27300000E+01   0.12793485E+01
  -0.27200000E+01   0.12790121E+01
  -0.27100000E+01   0.12786755E+01
  -0.27000000E+01   0.12783387E+01
  -0.26900000E+01   0.12780017E+01
  -0.26800000E+01   0.12776645E+01
  -0.26700000E+01   0.12773271E+01
  -0.26600000E+01   0.12769895E+01
  -0.26500000E+01   0.12766567E+01
  -0.26400000E+01   0.12763188E+01
  -0.26300000E+01   0.12759756E+01
  -0.26200000E+01   0.12756372E+01
  -0.26100000E+01   0.12753036E+01
  -0.26000000E+01   0.12749649E+01
  -0.25900000E+01   0.12746209E+01
  -0.25800000E+01   0.12742867E+01
  -0.25700000E+01   0.12739474E+01
  -0.25600000E+01   0.12736028E+01
  -0.25500000E+01   0.12732680E+01
  -0.25400000E+01   0.12729281E+01
  -0.25300000E+01   0.12725829E+01
  -0.25200000E+01   0.12722475E+01
  -0.25100000E+01   0.12719070E+01
  -0.25000000E+01   0.12715612E+01
  -0.24900000E+01   0.12712252E+01
  -0.24800000E+01   0.12708841E+01
  -0.24700000E+01   0.12705377E+01
  -0.24600000E+01   0.12702011E+01
  -0.24500000E+01   0.12698594E+01
  -0.24400000E+01   0.12695124E+01
  -0.24300000E+01   0.12691702E+01
  -0.24200000E+01   0.12688328E+01
  -0.24100000E+01   0.12684903E+01
  -0.24000000E+01   0.12681425E+01
  -0.23900000E+01   0.12677995E+01
  -0.23800000E+01   0.12674563E+01
  -0.23700000E+01   0.12671129E+01
  -0.23600000E+01   0.12667693E+01
  -0.23500000E+01   0.12664255E+01
  -0.23400000E+01   0.12660815E+01
  -0.23300000E+01   0.12657373E+01
  -0.23200000E+01   0.12653929E+01
  -0.23100000E+01   0.12650483E+01
  -0.23000000E+01   0.12647035E+01
  -0.22900000E+01   0.12643535E+01
  -0.22800000E+01   0.12640082E+01
  -0.22700000E+01   0.12636678E+01
  -0.22600000E+01   0.12633172E+01
  -0.22500000E+01   0.12629713E+01
  -0.22400000E+01   0.12626253E+01
  -0.22300000E+01   0.12622740E+01
  -0.22200000E+01   0.12619325E+01
  -0.22100000E+01   0.12615859E+01
  -0.22000000E+01   0.12612340E+01
  -0.21900000E+01   0.12608869E+01
  -0.21800000E+01   0.12605396E+01
  -0.21700000E+01   0.12601921E+01
  -0.21600000E+01   0.12598444E+01
  -0.21500000E+01   0.12594965E+01
  -0.21400000E+01   0.12591434E+01
  -0.21300000E+01   0.12587950E+01
  -0.21200000E+01   0.12584465E+01
  -0.21100000E+01   0.12580977E+01
  -0.21000000E+01   0.12577488E+01
  -0.20900000E+01   0.12573946E+01
  -0.20800000E+01   0.12570452E+01
  -0.20700000E+01   0.12566956E+01
  -0.20600000E+01   0.12563458E+01
  -0.20500000E+01   0.12559958E+01
  -0.20400000E+01   0.12556456E+01
  -0.20300000E+01   0.12552902E+01
  -0.20200000E+01   0.12549395E+01
  -0.20100000E+01   0.12545887E+01
  -0.20000000E+01   0.12542326E+01
  -0.19900000E+01   0.12538813E+01
  -0.19800000E+01   0.12535298E+01
  -0.19700000E+01   0.12531781E+01
  -0.19600000E+01   0.12528262E+01
  -0.19500000E+01   0.12524691E+01
  -0.19400000E+01   0.12521167E+01
  -0.19300000E+01   0.12517642E+01
  -0.19200000E+01   0.12514064E+01
  -0.19100000E+01   0.12510534E+01
  -0.19000000E+01   0.12507002E+01
  -0.18900000E+01   0.12503468E+01
  -0.18800000E+01   0.12499882E+01
  -0.18700000E+01   0.12496343E+01
  -0.18600000E+01   0.12492803E+01
  -0.18500000E+01   0.12489210E+01
  -0.18400000E+01   0.12485665E+01
  -0.18300000E+01   0.12482118E+01
  -0.18200000E+01   0.12478569E+01
  -0.18100000E+01   0.12474968E+01
  -0.18000000E+01   0.12471364E+01
  -0.17900000E+01   0.12467858E+01
  -0.17800000E+01   0.12464251E+01
  -0.17700000E+01   0.12460640E+01
  -0.17600000E+01   0.12457128E+01
  -0.17500000E+01   0.12453514E+01
  -0.17400000E+01   0.12449947E+01
  -0.17300000E+01   0.12446379E+01
  -0.17200000E+01   0.12442708E+01
  -0.17100000E+01   0.12439134E+01
  -0.17000000E+01   0.12435609E+01
  -0.16900000E+01   0.12431982E+01
  -0.16800000E+01   0.12428352E+01
  -0.16700000E+01   0.12424770E+01
  -0.16600000E+01   0.12421186E+01
  -0.16500000E+01   0.12417550E+01
  -0.16400000E+01   0.12413911E+01
  -0.16300000E+01   0.12410320E+01
  -0.16200000E+01   0.12406727E+01
  -0.16100000E+01   0.12403132E+01
  -0.16000000E+01   0.12399485E+01
  -0.15900000E+01   0.12395835E+01
  -0.15800000E+01   0.12392233E+01
  -0.15700000E+01   0.12388629E+01
  -0.15600000E+01   0.12385023E+01
  -0.15500000E+01   0.12381365E+01
  -0.15400000E+01   0.12377704E+01
  -0.15300000E+01   0.12374091E+01
  -0.15200000E+01   0.12370426E+01
  -0.15100000E+01   0.12366808E+01
  -0.15000000E+01   0.12363189E+01
  -0.14900000E+01   0.12359467E+01
  -0.14800000E+01   0.12355842E+01
  -0.14700000E+01   0.12352216E+01
  -0.14600000E+01   0.12348537E+01
  -0.14500000E+01   0.12344906E+01
  -0.14400000E+01   0.12341273E+01
  -0.14300000E+01   0.12337588E+01
  -0.14200000E+01   0.12333900E+01
  -0.14100000E+01   0.12330260E+01
  -0.14000000E+01   0.12326568E+01
  -0.13900000E+01   0.12322923E+01
  -0.13800000E+01   0.12319277E+01
  -0.13700000E+01   0.12315528E+01
  -0.13600000E+01   0.12311876E+01
  -0.13500000E+01   0.12308223E+01
  -0.13400000E+01   0.12304467E+01
  -0.13300000E+01   0.12300808E+01
  -0.13200000E+01   0.12297148E+01
  -0.13100000E+01   0.12293435E+01
  -0.13000000E+01   0.12289770E+01
  -0.12900000E+01   0.12286053E+01
  -0.12800000E+01   0.12282333E+01
  -0.12700000E+01   0.12278661E+01
  -0.12600000E+01   0.12274937E+01
  -0.12500000E+01   0.12271210E+01
  -0.12400000E+01   0.12267531E+01
  -0.12300000E+01   0.12263850E+01
  -0.12200000E+01   0.12260117E+01
  -0.12100000E+01   0.12256381E+01
  -0.12000000E+01   0.12252643E+01
  -0.11900000E+01   0.12248902E+01
  -0.11800000E+01   0.12245209E+01
  -0.11700000E+01   0.12241514E+01
  -0.11600000E+01   0.12237767E+01
  -0.11500000E+01   0.12234017E+01
  -0.11400000E+01   0.12230265E+01
  -0.11300000E+01   0.12226510E+01
  -0.11200000E+01   0.12222803E+01
  -0.11100000E+01   0.12219094E+01
  -0.11000000E+01   0.12215333E+01
  -0.10900000E+01   0.12211569E+01
  -0.10800000E+01   0.12207803E+01
  -0.10700000E+01   0.12204034E+01
  -0.10600000E+01   0.12200313E+01
  -0.10500000E+01   0.12196540E+01
  -0.10400000E+01   0.12192764E+01
  -0.10300000E+01   0.12189036E+01
  -0.10200000E+01   0.12185256E+01
  -0.10100000E+01   0.12181473E+01
  -0.10000000E+01   0.12177688E+01
  -0.99000000E+00   0.12173900E+01
  -0.98000000E+00   0.12170160E+01
  -0.97000000E+00   0.12166368E+01
  -0.96000000E+00   0.12162573E+01
  -0.95000000E+00   0.12158776E+01
  -0.94000000E+00   0.12154976E+01
  -0.93000000E+00   0.12151224E+01
  -0.92000000E+00   0.12147420E+01
  -0.91000000E+00   0.12143613E+01
  -0.90000000E+00   0.12139854E+01
  -0.89000000E+00   0.12136043E+01
  -0.88000000E+00   0.12132229E+01
  -0.87000000E+00   0.12128413E+01
  -0.86000000E+00   0.12124594E+01
  -0.85000000E+00   0.12120773E+01
  -0.84000000E+00   0.12116949E+01
  -0.83000000E+00   0.12113123E+01
  -0.82000000E+00   0.12109344E+01
  -0.81000000E+00   0.12105514E+01
  -0.80000000E+00   0.12101630E+01
  -0.79000000E+00   0.12097844E+01
  -0.78000000E+00   0.12094056E+01
  -0.77000000E+00   0.12090216E+01
  -0.76000000E+00   0.12086323E+01
  -0.75000000E+00   0.12082477E+01
  -0.74000000E+00   0.12078679E+01
  -0.73000000E+00   0.12074829E+01
  -0.72000000E+00   0.12070926E+01
  -0.71000000E+00   0.12067070E+01
  -0.70000000E+00   0.12063262E+01
  -0.69000000E+00   0.12059402E+01
  -0.68000000E+00   0.12055539E+01
  -0.67000000E+00   0.12051674E+01
  -0.66000000E+00   0.12047806E+01
  -0.65000000E+00   0.12043936E+01
  -0.64000000E+00   0.12040063E+01
  -0.63000000E+00   0.12036238E+01
  -0.62000000E+00   0.12032311E+01
  -0.61000000E+00   0.12028430E+01
  -0.60000000E+00   0.12024598E+01
  -0.59000000E+00   0.12020663E+01
  -0.58000000E+00   0.12016775E+01
  -0.57000000E+00   0.12012885E+01
  -0.56000000E+00   0.12008992E+01
  -0.55000000E+00   0.12005097E+01
  -0.54000000E+00   0.12001199E+01
  -0.53000000E+00   0.11997299E+01
  -0.52000000E+00   0.11993396E+01
  -0.51000000E+00   0.11989491E+01
  -0.50000000E+00   0.11985583E+01
  -0.49000000E+00   0.11981673E+01
  -0.48000000E+00   0.11977760E+01
  -0.47000000E+00   0.11973845E+01
  -0.46000000E+00   0.11969877E+01
  -0.45000000E+00   0.11965956E+01
  -0.44000000E+00   0.11962083E+01
  -0.43000000E+00   0.11958158E+01
  -0.42000000E+00   0.11954180E+01
  -0.41000000E+00   0.11950249E+01
  -0.40000000E+00   0.11946316E+01
  -0.39000000E+00   0.11942380E+01
  -0.38000000E+00   0.11938442E+01
  -0.37000000E+00   0.11934501E+01
  -0.36000000E+00   0.11930508E+01
  -0.35000000E+00   0.11926561E+01
  -0.34000000E+00   0.11922663E+01
  -0.33000000E+00   0.11918662E+01
  -0.32000000E+00   0.11914708E+01
  -0.31000000E+00   0.11910752E+01
  -0.30000000E+00   0.11906743E+01
  -0.29000000E+00   0.11902781E+01
  -0.28000000E+00   0.11898817E+01
  -0.27000000E+00   0.11894850E+01
  -0.26000000E+00   0.11890881E+01
  -0.25000000E+00   0.11886859E+01
  -0.24000000E+00   0.11882884E+01
  -0.23000000E+00   0.11878957E+01
  -0.22000000E+00   0.11874928E+01
  -0.21000000E+00   0.11870895E+01
  -0.20000000E+00   0.11866960E+01
  -0.19000000E+00   0.11862923E+01
  -0.18000000E+00   0.11858882E+01
  -0.17000000E+00   0.11854939E+01
  -0.16000000E+00   0.11850944E+01
  -0.15000000E+00   0.11846896E+01
  -0.14000000E+00   0.11842845E+01
  -0.13000000E+00   0.11838841E+01
  -0.12000000E+00   0.11834885E+01
  -0.11000000E+00   0.11830827E+01
  -0.10000000E+00   0.11826765E+01
  -0.90000000E-01   0.11822801E+01
  -0.80000000E-01   0.11818735E+01
  -0.70000000E-01   0.11814665E+01
  -0.60000000E-01   0.11810643E+01
  -0.50000000E-01   0.11806618E+01
  -0.40000000E-01   0.11802591E+01
  -0.30000000E-01   0.11798511E+01
  -0.20000000E-01   0.11794478E+01
  -0.10000000E-01   0.11790443E+01
   0.00000000E+00   0.11786355E+01
   0.10000000E-01   0.11782264E+01
   0.20000000E-01   0.11778220E+01
   0.30000000E-01   0.11774174E+01
   0.40000000E-01   0.11770125E+01
   0.50000000E-01   0.11766024E+01
   0.60000000E-01   0.11761919E+01
   0.70000000E-01   0.11757912E+01
   0.80000000E-01   0.11753803E+01
   0.90000000E-01   0.11749690E+01
   0.10000000E+00   0.11745625E+01
   0.11000000E+00   0.11741507E+01
   0.12000000E+00   0.11737436E+01
   0.13000000E+00   0.11733363E+01
   0.14000000E+00   0.11729237E+01
   0.15000000E+00   0.11725158E+01
   0.16000000E+00   0.11721027E+01
   0.17000000E+00   0.11716892E+01
   0.18000000E+00   0.11712805E+01
   0.19000000E+00   0.11708715E+01
   0.20000000E+00   0.11704623E+01
   0.21000000E+00   0.11700428E+01
   0.22000000E+00   0.11696329E+01
   0.23000000E+00   0.11692229E+01
   0.24000000E+00   0.11688025E+01
   0.25000000E+00   0.11683918E+01
   0.26000000E+00   0.11679809E+01
   0.27000000E+00   0.11675697E+01
   0.28000000E+00   0.11671533E+01
   0.29000000E+00   0.11667365E+01
   0.30000000E+00   0.11663245E+01
   0.31000000E+00   0.11659072E+01
   0.32000000E+00   0.11654896E+01
   0.33000000E+00   0.11650717E+01
   0.34000000E+00   0.11646585E+01
   0.35000000E+00   0.11642451E+01
   0.36000000E+00   0.11638264E+01
   0.37000000E+00   0.11634074E+01
   0.38000000E+00   0.11629881E+01
   0.39000000E+00   0.11625735E+01
   0.40000000E+00   0.11621587E+01
   0.41000000E+00   0.11617386E+01
   0.42000000E+00   0.11613182E+01
   0.43000000E+00   0.11608975E+01
   0.44000000E+00   0.11604765E+01
   0.45000000E+00   0.11600602E+01
   0.46000000E+00   0.11596387E+01
   0.47000000E+00   0.11592168E+01
   0.48000000E+00   0.11587997E+01
   0.49000000E+00   0.11583773E+01
   0.50000000E+00   0.11579546E+01
   0.51000000E+00   0.11575366E+01
   0.52000000E+00   0.11571134E+01
   0.53000000E+00   0.11566898E+01
   0.54000000E+00   0.11562660E+01
   0.55000000E+00   0.11558418E+01
   0.56000000E+00   0.11554224E+01
   0.57000000E+00   0.11549977E+01
   0.58000000E+00   0.11545727E+01
   0.59000000E+00   0.11541474E+01
   0.60000000E+00   0.11537268E+01
   0.61000000E+00   0.11533010E+01
   0.62000000E+00   0.11528698E+01
   0.63000000E+00   0.11524483E+01
   0.64000000E+00   0.11520266E+01
   0.65000000E+00   0.11515946E+01
   0.66000000E+00   0.11511672E+01
   0.67000000E+00   0.11507446E+01
   0.68000000E+00   0.11503167E+01
   0.69000000E+00   0.11498885E+01
   0.70000000E+00   0.11494600E+01
   0.71000000E+00   0.11490312E+01
   0.72000000E+00   0.11486021E+01
   0.73000000E+00   0.11481727E+01
   0.74000000E+00   0.11477430E+01
   0.75000000E+00   0.11473180E+01
   0.76000000E+00   0.11468878E+01
   0.77000000E+00   0.11464522E+01
   0.78000000E+00   0.11460263E+01
   0.79000000E+00   0.11455952E+01
   0.80000000E+00   0.11451587E+01
   0.81000000E+00   0.11447319E+01
   0.82000000E+00   0.11442999E+01
   0.83000000E+00   0.11438625E+01
   0.84000000E+00   0.11434348E+01
   0.85000000E+00   0.11430019E+01
   0.86000000E+00   0.11425686E+01
   0.87000000E+00   0.11421351E+01
   0.88000000E+00   0.11416962E+01
   0.89000000E+00   0.11412670E+01
   0.90000000E+00   0.11408326E+01
   0.91000000E+00   0.11403928E+01
   0.92000000E+00   0.11399577E+01
   0.93000000E+00   0.11395273E+01
   0.94000000E+00   0.11390917E+01
   0.95000000E+00   0.11386507E+01
   0.96000000E+00   0.11382144E+01
   0.97000000E+00   0.11377778E+01
   0.98000000E+00   0.11373409E+01
   0.99000000E+00   0.11369037E+01
   0.10000000E+01   0.11364662E+01
   0.10100000E+01   0.11360284E+01
   0.10200000E+01   0.11355853E+01
   0.10300000E+01   0.11351468E+01
   0.10400000E+01   0.11347081E+01
   0.10500000E+01   0.11342690E+01
   0.10600000E+01   0.11338297E+01
   0.10700000E+01   0.11333900E+01
   0.10800000E+01   0.11329501E+01
   0.10900000E+01   0.11325048E+01
   0.11000000E+01   0.11320642E+01
   0.11100000E+01   0.11316233E+01
   0.11200000E+01   0.11311771E+01
   0.11300000E+01   0.11307355E+01
   0.11400000E+01   0.11302987E+01
   0.11500000E+01   0.11298516E+01
   0.11600000E+01   0.11294041E+01
   0.11700000E+01   0.11289613E+01
   0.11800000E+01   0.11285182E+01
   0.11900000E+01   0.11280748E+01
   0.12000000E+01   0.11276311E+01
   0.12100000E+01   0.11271821E+01
   0.12200000E+01   0.11267377E+01
   0.12300000E+01   0.11262931E+01
   0.12400000E+01   0.11258431E+01
   0.12500000E+01   0.11253978E+01
   0.12600000E+01   0.11249472E+01
   0.12700000E+01   0.11245012E+01
   0.12800000E+01   0.11240550E+01
   0.12900000E+01   0.11236084E+01
   0.13000000E+01   0.11231566E+01
   0.13100000E+01   0.11227043E+01
   0.13200000E+01   0.11222618E+01
   0.13300000E+01   0.11218090E+01
   0.13400000E+01   0.11213558E+01
   0.13500000E+01   0.11209073E+01
   0.13600000E+01   0.11204585E+01
   0.13700000E+01   0.11200094E+01
   0.13800000E+01   0.11195550E+01
   0.13900000E+01   0.11191002E+01
   0.14000000E+01   0.11186501E+01
   0.14100000E+01   0.11181947E+01
   0.14200000E+01   0.11177439E+01
   0.14300000E+01   0.11172929E+01
   0.14400000E+01   0.11168315E+01
   0.14500000E+01   0.11163797E+01
   0.14600000E+01   0.11159277E+01
   0.14700000E+01   0.11154703E+01
   0.14800000E+01   0.11150176E+01
   0.14900000E+01   0.11145646E+01
   0.15000000E+01   0.11141063E+01
   0.15100000E+01   0.11136476E+01
   0.15200000E+01   0.11131886E+01
   0.15300000E+01   0.11127342E+01
   0.15400000E+01   0.11122796E+01
   0.15500000E+01   0.11118146E+01
   0.15600000E+01   0.11113592E+01
   0.15700000E+01   0.11109036E+01
   0.15800000E+01   0.11104426E+01
   0.15900000E+01   0.11099813E+01
   0.16000000E+01   0.11095196E+01
   0.16100000E+01   0.11090626E+01
   0.16200000E+01   0.11086053E+01
   0.16300000E+01   0.11081427E+01
   0.16400000E+01   0.11076797E+01
   0.16500000E+01   0.11072164E+01
   0.16600000E+01   0.11067527E+01
   0.16700000E+01   0.11062937E+01
   0.16800000E+01   0.11058294E+01
   0.16900000E+01   0.11053647E+01
   0.17000000E+01   0.11049047E+01
   0.17100000E+01   0.11044394E+01
   0.17200000E+01   0.11039737E+01
   0.17300000E+01   0.11035127E+01
   0.17400000E+01   0.11030464E+01
   0.17500000E+01   0.11025797E+01
   0.17600000E+01   0.11021127E+01
   0.17700000E+01   0.11016453E+01
   0.17800000E+01   0.11011776E+01
   0.17900000E+01   0.11007095E+01
   0.18000000E+01   0.11002461E+01
   0.18100000E+01   0.10997774E+01
   0.18200000E+01   0.10993083E+01
   0.18300000E+01   0.10988389E+01
   0.18400000E+01   0.10983691E+01
   0.18500000E+01   0.10979040E+01
   0.18600000E+01   0.10974336E+01
   0.18700000E+01   0.10969578E+01
   0.18800000E+01   0.10964866E+01
   0.18900000E+01   0.10960201E+01
   0.19000000E+01   0.10955483E+01
   0.19100000E+01   0.10950761E+01
   0.19200000E+01   0.10946036E+01
   0.19300000E+01   0.10941307E+01
   0.19400000E+01   0.10936575E+01
   0.19500000E+01   0.10931839E+01
   0.19600000E+01   0.10927100E+01
   0.19700000E+01   0.10922357E+01
   0.19800000E+01   0.10917611E+01
   0.19900000E+01   0.10912861E+01
   0.20000000E+01   0.10908108E+01
   0.20100000E+01   0.10903351E+01
   0.20200000E+01   0.10898591E+01
   0.20300000E+01   0.10893827E+01
   0.20400000E+01   0.10889060E+01
   0.20500000E+01   0.10884239E+01
   0.20600000E+01   0.10879464E+01
   0.20700000E+01   0.10874736E+01
   0.20800000E+01   0.10869905E+01
   0.20900000E+01   0.10865119E+01
   0.21000000E+01   0.10860331E+01
   0.21100000E+01   0.10855538E+01
   0.21200000E+01   0.10850743E+01
   0.21300000E+01   0.10845893E+01
   0.21400000E+01   0.10841140E+01
   0.21500000E+01   0.10836284E+01
   0.21600000E+01   0.10831473E+01
   0.21700000E+01   0.10826660E+01
   0.21800000E+01   0.10821792E+01
   0.21900000E+01   0.10817021E+01
   0.22000000E+01   0.10812147E+01
   0.22100000E+01   0.10807318E+01
   0.22200000E+01   0.10802487E+01
   0.22300000E+01   0.10797601E+01
   0.22400000E+01   0.10792762E+01
   0.22500000E+01   0.10787919E+01
   0.22600000E+01   0.10783073E+01
   0.22700000E+01   0.10778173E+01
   0.22800000E+01   0.10773269E+01
   0.22900000E+01   0.10768411E+01
   0.23000000E+01   0.10763600E+01
   0.23100000E+01   0.10758686E+01
   0.23200000E+01   0.10753767E+01
   0.23300000E+01   0.10748895E+01
   0.23400000E+01   0.10744019E+01
   0.23500000E+01   0.10739140E+01
   0.23600000E+01   0.10734207E+01
   0.23700000E+01   0.10729270E+01
   0.23800000E+01   0.10724379E+01
   0.23900000E+01   0.10719485E+01
   0.24000000E+01   0.10714537E+01
   0.24100000E+01   0.10709585E+01
   0.24200000E+01   0.10704679E+01
   0.24300000E+01   0.10699770E+01
   0.24400000E+01   0.10694807E+01
   0.24500000E+01   0.10689890E+01
   0.24600000E+01   0.10684970E+01
   0.24700000E+01   0.10679946E+01
   0.24800000E+01   0.10675017E+01
   0.24900000E+01   0.10670086E+01
   0.25000000E+01   0.10665100E+01
   0.25100000E+01   0.10660111E+01
   0.25200000E+01   0.10655167E+01
   0.25300000E+01   0.10650221E+01
   0.25400000E+01   0.10645170E+01
   0.25500000E+01   0.10640215E+01
   0.25600000E+01   0.10635257E+01
   0.25700000E+01   0.10630245E+01
   0.25800000E+01   0.10625229E+01
   0.25900000E+01   0.10620209E+01
   0.26000000E+01   0.10615185E+01
   0.26100000E+01   0.10610207E+01
   0.26200000E+01   0.10605226E+01
   0.26300000E+01   0.10600191E+01
   0.26400000E+01   0.10595152E+01
   0.26500000E+01   0.10590109E+01
   0.26600000E+01   0.10585062E+01
   0.26700000E+01   0.10580061E+01
   0.26800000E+01   0.10575007E+01
   0.26900000E+01   0.10569948E+01
   0.27000000E+01   0.10564936E+01
   0.27100000E+01   0.10559870E+01
   0.27200000E+01   0.10554750E+01
   0.27300000E+01   0.10549725E+01
   0.27400000E+01   0.10544698E+01
   0.27500000E+01   0.10539566E+01
   0.27600000E+01   0.10534480E+01
   0.27700000E+01   0.10529390E+01
   0.27800000E+01   0.10524346E+01
   0.27900000E+01   0.10519249E+01
   0.28000000E+01   0.10514147E+01
   0.28100000E+01   0.10509042E+01
   0.28200000E+01   0.10503932E+01
   0.28300000E+01   0.10498819E+01
   0.28400000E+01   0.10493701E+01
   0.28500000E+01   0.10488580E+01
   0.28600000E+01   0.10483454E+01
   0.28700000E+01   0.10478325E+01
   0.28800000E+01   0.10473191E+01
   0.28900000E+01   0.10468054E+01
   0.29000000E+01   0.10462912E+01
   0.29100000E+01   0.10457817E+01
   0.29200000E+01   0.10452618E+01
   0.29300000E+01   0.10447464E+01
   0.29400000E+01   0.10442307E+01
   0.29500000E+01   0.10437095E+01
   0.29600000E+01   0.10431979E+01
   0.29700000E+01   0.10426810E+01
   0.29800000E+01   0.10421586E+01
   0.29900000E+01   0.10416408E+01
   0.30000000E+01   0.10411226E+01
   0.30100000E+01   0.10406040E+01
   0.30200000E+01   0.10400850E+01
   0.30300000E+01   0.10395656E+01
   0.30400000E+01   0.10390408E+01
   0.30500000E+01   0.10385205E+01
   0.30600000E+01   0.10379999E+01
   0.30700000E+01   0.10374788E+01
   0.30800000E+01   0.10369574E+01
   0.30900000E+01   0.10364305E+01
   0.31000000E+01   0.10359082E+01
   0.31100000E+01   0.10353855E+01
   0.31200000E+01   0.10348574E+01
   0.31300000E+01   0.10343338E+01
   0.31400000E+01   0.10338099E+01
   0.31500000E+01   0.10332805E+01
   0.31600000E+01   0.10327557E+01
   0.31700000E+01   0.10322305E+01
   0.31800000E+01   0.10316999E+01
   0.31900000E+01   0.10311738E+01
   0.32000000E+01   0.10306474E+01
   0.32100000E+01   0.10301155E+01
   0.32200000E+01   0.10295832E+01
   0.32300000E+01   0.10290554E+01
   0.32400000E+01   0.10285273E+01
   0.32500000E+01   0.10279937E+01
   0.32600000E+01   0.10274647E+01
   0.32700000E+01   0.10269303E+01
   0.32800000E+01   0.10264004E+01
   0.32900000E+01   0.10258702E+01
   0.33000000E+01   0.10253295E+01
   0.33100000E+01   0.10247983E+01
   0.33200000E+01   0.10242668E+01
   0.33300000E+01   0.10237298E+01
   0.33400000E+01   0.10231924E+01
   0.33500000E+01   0.10226595E+01
   0.33600000E+01   0.10221263E+01
   0.33700000E+01   0.10215826E+01
   0.33800000E+01   0.10210434E+01
   0.33900000E+01   0.10205088E+01
   0.34000000E+01   0.10199738E+01
   0.34100000E+01   0.10194334E+01
   0.34200000E+01   0.10188925E+01
   0.34300000E+01   0.10183562E+01
   0.34400000E+01   0.10178145E+01
   0.34500000E+01   0.10172723E+01
   0.34600000E+01   0.10167297E+01
   0.34700000E+01   0.10161866E+01
   0.34800000E+01   0.10156481E+01
   0.34900000E+01   0.10151042E+01
   0.35000000E+01   0.10145598E+01
   0.35100000E+01   0.10140200E+01
   0.35200000E+01   0.10134748E+01
   0.35300000E+01   0.10129241E+01
   0.35400000E+01   0.10123779E+01
   0.35500000E+01   0.10118363E+01
   0.35600000E+01   0.10112893E+01
   0.35700000E+01   0.10107418E+01
   0.35800000E+01   0.10101939E+01
   0.35900000E+01   0.10096455E+01
   0.36000000E+01   0.10091017E+01
   0.36100000E+01   0.10085525E+01
   0.36200000E+01   0.10079978E+01
   0.36300000E+01   0.10074476E+01
   0.36400000E+01   0.10068970E+01
   0.36500000E+01   0.10063459E+01
   0.36600000E+01   0.10057994E+01
   0.36700000E+01   0.10052425E+01
   0.36800000E+01   0.10046900E+01
   0.36900000E+01   0.10041422E+01
   0.37000000E+01   0.10035839E+01
   0.37100000E+01   0.10030251E+01
   0.37200000E+01   0.10024758E+01
   0.37300000E+01   0.10019212E+01
   0.37400000E+01   0.10013610E+01
   0.37500000E+01   0.10008054E+01
   0.37600000E+01   0.10002493E+01
   0.37700000E+01   0.99969280E+00
   0.37800000E+01   0.99913580E+00
   0.37900000E+01   0.99857840E+00
   0.38000000E+01   0.99801550E+00
   0.38100000E+01   0.99745710E+00
   0.38200000E+01   0.99689830E+00
   0.38300000E+01   0.99633400E+00
   0.38400000E+01   0.99577420E+00
   0.38500000E+01   0.99521400E+00
   0.38600000E+01   0.99464830E+00
   0.38700000E+01   0.99408710E+00
   0.38800000E+01   0.99352550E+00
   0.38900000E+01   0.99295840E+00
   0.39000000E+01   0.99239580E+00
   0.39100000E+01   0.99183280E+00
   0.39200000E+01   0.99126430E+00
   0.39300000E+01   0.99070030E+00
   0.39400000E+01   0.99013590E+00
   0.39500000E+01   0.98956600E+00
   0.39600000E+01   0.98899560E+00
   0.39700000E+01   0.98842470E+00
   0.39800000E+01   0.98785830E+00
   0.39900000E+01   0.98729150E+00
   0.40000000E+01   0.98671920E+00
   0.40100000E+01   0.98615140E+00
   0.40200000E+01   0.98558320E+00
   0.40300000E+01   0.98500450E+00
   0.40400000E+01   0.98443020E+00
   0.40500000E+01   0.98386550E+00
   0.40600000E+01   0.98329040E+00
   0.40700000E+01   0.98271470E+00
   0.40800000E+01   0.98213860E+00
   0.40900000E+01   0.98156190E+00
   0.41000000E+01   0.98098980E+00
   0.41100000E+01   0.98041720E+00
   0.41200000E+01   0.97983920E+00
   0.41300000E+01   0.97925560E+00
   0.41400000E+01   0.97868150E+00
   0.41500000E+01   0.97810200E+00
   0.41600000E+01   0.97752190E+00
   0.41700000E+01   0.97694640E+00
   0.41800000E+01   0.97636540E+00
   0.41900000E+01   0.97578390E+00
   0.42000000E+01   0.97520190E+00
   0.42100000E+01   0.97461940E+00
   0.42200000E+01   0.97403640E+00
   0.42300000E+01   0.97345290E+00
   0.42400000E+01   0.97286890E+00
   0.42500000E+01   0.97228940E+00
   0.42600000E+01   0.97170450E+00
   0.42700000E+01   0.97111400E+00
   0.42800000E+01   0.97052800E+00
   0.42900000E+01   0.96994650E+00
   0.43000000E+01   0.96935960E+00
   0.43100000E+01   0.96876710E+00
   0.43200000E+01   0.96817910E+00
   0.43300000E+01   0.96759060E+00
   0.43400000E+01   0.96700160E+00
   0.43500000E+01   0.96641210E+00
   0.43600000E+01   0.96582210E+00
   0.43700000E+01   0.96523160E+00
   0.43800000E+01   0.96464060E+00
   0.43900000E+01   0.96404410E+00
   0.44000000E+01   0.96345200E+00
   0.44100000E+01   0.96285950E+00
   0.44200000E+01   0.96226640E+00
   0.44300000E+01   0.96167290E+00
   0.44400000E+01   0.96107380E+00
   0.44500000E+01   0.96047920E+00
   0.44600000E+01   0.95988410E+00
   0.44700000E+01   0.95928350E+00
   0.44800000E+01   0.95868730E+00
   0.44900000E+01   0.95809070E+00
   0.45000000E+01   0.95748850E+00
   0.45100000E+01   0.95689080E+00
   0.45200000E+01   0.95628760E+00
   0.45300000E+01   0.95568880E+00
   0.45400000E+01   0.95508960E+00
   0.45500000E+01   0.95448480E+00
   0.45600000E+01   0.95387950E+00
   0.45700000E+01   0.95327860E+00
   0.45800000E+01   0.95267730E+00
   0.45900000E+01   0.95207040E+00
   0.46000000E+01   0.95146800E+00
   0.46100000E+01   0.95086010E+00
   0.46200000E+01   0.95025160E+00
   0.46300000E+01   0.94964760E+00
   0.46400000E+01   0.94903810E+00
   0.46500000E+01   0.94842800E+00
   0.46600000E+01   0.94782240E+00
   0.46700000E+01   0.94721130E+00
   0.46800000E+01   0.94659960E+00
   0.46900000E+01   0.94599240E+00
   0.47000000E+01   0.94537970E+00
   0.47100000E+01   0.94476640E+00
   0.47200000E+01   0.94415710E+00
   0.47300000E+01   0.94354379E+00
   0.47400000E+01   0.94292791E+00
   0.47500000E+01   0.94231298E+00
   0.47600000E+01   0.94169801E+00
   0.47700000E+01   0.94108250E+00
   0.47800000E+01   0.94046595E+00
   0.47900000E+01   0.93984835E+00
   0.48000000E+01   0.93923070E+00
   0.48100000E+01   0.93861251E+00
   0.48200000E+01   0.93799377E+00
   0.48300000E+01   0.93737399E+00
   0.48400000E+01   0.93675315E+00
   0.48500000E+01   0.93613226E+00
   0.48600000E+01   0.93551082E+00
   0.48700000E+01   0.93488883E+00
   0.48800000E+01   0.93426579E+00
   0.48900000E+01   0.93364219E+00
   0.49000000E+01   0.93301804E+00
   0.49100000E+01   0.93239283E+00
   0.49200000E+01   0.93176756E+00
   0.49300000E+01   0.93114174E+00
   0.49400000E+01   0.93051436E+00
   0.49500000E+01   0.92988691E+00
   0.49600000E+01   0.92925891E+00
   0.49700000E+01   0.92862984E+00
   0.49800000E+01   0.92800071E+00
   0.49900000E+01   0.92737052E+00
   0.50000000E+01   0.92673976E+00
   0.50100000E+01   0.92610844E+00
   0.50200000E+01   0.92547605E+00
   0.50300000E+01   0.92484309E+00
   0.50400000E+01   0.92420956E+00
   0.50500000E+01   0.92357596E+00
   0.50600000E+01   0.92294080E+00
   0.50700000E+01   0.92230505E+00
   0.50800000E+01   0.92166924E+00
   0.50900000E+01   0.92103235E+00
   0.51000000E+01   0.92039489E+00
   0.51100000E+01   0.91975685E+00
   0.51200000E+01   0.91911774E+00
   0.51300000E+01   0.91847804E+00
   0.51400000E+01   0.91783827E+00
   0.51500000E+01   0.91719692E+00
   0.51600000E+01   0.91655548E+00
   0.51700000E+01   0.91591347E+00
   0.51800000E+01   0.91526987E+00
   0.51900000E+01   0.91462668E+00
   0.52000000E+01   0.91398242E+00
   0.52100000E+01   0.91333706E+00
   0.52200000E+01   0.91269162E+00
   0.52300000E+01   0.91204509E+00
   0.52400000E+01   0.91139747E+00
   0.52500000E+01   0.91074975E+00
   0.52600000E+01   0.91010195E+00
   0.52700000E+01   0.90945256E+00
   0.52800000E+01   0.90880207E+00
   0.52900000E+01   0.90815148E+00
   0.53000000E+01   0.90750080E+00
   0.53100000E+01   0.90684853E+00
   0.53200000E+01   0.90619565E+00
   0.53300000E+01   0.90554218E+00
   0.53400000E+01   0.90488810E+00
   0.53500000E+01   0.90423343E+00
   0.53600000E+01   0.90357765E+00
   0.53700000E+01   0.90292127E+00
   0.53800000E+01   0.90226428E+00
   0.53900000E+01   0.90160719E+00
   0.54000000E+01   0.90094850E+00
   0.54100000E+01   0.90028919E+00
   0.54200000E+01   0.89962928E+00
   0.54300000E+01   0.89896875E+00
   0.54400000E+01   0.89830762E+00
   0.54500000E+01   0.89764537E+00
   0.54600000E+01   0.89698251E+00
   0.54700000E+01   0.89631903E+00
   0.54800000E+01   0.89565494E+00
   0.54900000E+01   0.89499023E+00
   0.55000000E+01   0.89432441E+00
   0.55100000E+01   0.89365796E+00
   0.55200000E+01   0.89299090E+00
   0.55300000E+01   0.89232271E+00
   0.55400000E+01   0.89165440E+00
   0.55500000E+01   0.89098497E+00
   0.55600000E+01   0.89031491E+00
   0.55700000E+01   0.88964423E+00
   0.55800000E+01   0.88897292E+00
   0.55900000E+01   0.88830049E+00
   0.56000000E+01   0.88762692E+00
   0.56100000E+01   0.88695322E+00
   0.56200000E+01   0.88627889E+00
   0.56300000E+01   0.88560393E+00
   0.56400000E+01   0.88492784E+00
   0.56500000E+01   0.88425061E+00
   0.56600000E+01   0.88357324E+00
   0.56700000E+01   0.88289524E+00
   0.56800000E+01   0.88221560E+00
   0.56900000E+01   0.88153581E+00
   0.57000000E+01   0.88085589E+00
   0.57100000E+01   0.88017433E+00
   0.57200000E+01   0.87949212E+00
   0.57300000E+01   0.87880927E+00
   0.57400000E+01   0.87812527E+00
   0.57500000E+01   0.87744112E+00
   0.57600000E+01   0.87675633E+00
   0.57700000E+01   0.87606989E+00
   0.57800000E+01   0.87538329E+00
   0.57900000E+01   0.87469605E+00
   0.58000000E+01   0.87400765E+00
   0.58100000E+01   0.87331860E+00
   0.58200000E+01   0.87262889E+00
   0.58300000E+01   0.87193853E+00
   0.58400000E+01   0.87124651E+00
   0.58500000E+01   0.87055432E+00
   0.58600000E+01   0.86986198E+00
   0.58700000E+01   0.86916798E+00
   0.58800000E+01   0.86847381E+00
   0.58900000E+01   0.86777849E+00
   0.59000000E+01   0.86708199E+00
   0.59100000E+01   0.86638533E+00
   0.59200000E+01   0.86568750E+00
   0.59300000E+01   0.86498900E+00
   0.59400000E+01   0.86428983E+00
   0.59500000E+01   0.86358999E+00
   0.59600000E+01   0.86288898E+00
   0.59700000E+01   0.86218729E+00
   0.59800000E+01   0.86148493E+00
   0.59900000E+01   0.86078189E+00
   0.60000000E+01   0.86007768E+00
   0.60100000E+01   0.85937228E+00
   0.60200000E+01   0.85866670E+00
   0.60300000E+01   0.85796044E+00
   0.60400000E+01   0.85725350E+00
   0.60500000E+01   0.85654538E+00
   0.60600000E+01   0.85583607E+00
   0.60700000E+01   0.85512607E+00
   0.60800000E+01   0.85441538E+00
   0.60900000E+01   0.85370450E+00
   0.61000000E+01   0.85299244E+00
   0.61100000E+01   0.85227868E+00
   0.61200000E+01   0.85156522E+00
   0.61300000E+01   0.85085058E+00
   0.61400000E+01   0.85013473E+00
   0.61500000E+01   0.84941869E+00
   0.61600000E+01   0.84870145E+00
   0.61700000E+01   0.84798351E+00
   0.61800000E+01   0.84726437E+00
   0.61900000E+01   0.84654452E+00
   0.62000000E+01   0.84582397E+00
   0.62100000E+01   0.84510271E+00
   0.62200000E+01   0.84438075E+00
   0.62300000E+01   0.84365758E+00
   0.62400000E+01   0.84293370E+00
   0.62500000E+01   0.84220911E+00
   0.62600000E+01   0.84148331E+00
   0.62700000E+01   0.84075629E+00
   0.62800000E+01   0.84002955E+00
   0.62900000E+01   0.83930161E+00
   0.63000000E+01   0.83857194E+00
   0.63100000E+01   0.83784205E+00
   0.63200000E+01   0.83711144E+00
   0.63300000E+01   0.83638011E+00
   0.63400000E+01   0.83564756E+00
   0.63500000E+01   0.83491428E+00
   0.63600000E+01   0.83417978E+00
   0.63700000E+01   0.83344454E+00
   0.63800000E+01   0.83270908E+00
   0.63900000E+01   0.83197189E+00
   0.64000000E+01   0.83123446E+00
   0.64100000E+01   0.83049581E+00
   0.64200000E+01   0.82975591E+00
   0.64300000E+01   0.82901628E+00
   0.64400000E+01   0.82827492E+00
   0.64500000E+01   0.82753231E+00
   0.64600000E+01   0.82678946E+00
   0.64700000E+01   0.82604587E+00
   0.64800000E+01   0.82530104E+00
   0.64900000E+01   0.82455546E+00
   0.65000000E+01   0.82380864E+00
   0.65100000E+01   0.82306106E+00
   0.65200000E+01   0.82231324E+00
   0.65300000E+01   0.82156367E+00
   0.65400000E+01   0.82081334E+00
   0.65500000E+01   0.82006276E+00
   0.65600000E+01   0.81931093E+00
   0.65700000E+01   0.81855784E+00
   0.65800000E+01   0.81780399E+00
   0.65900000E+01   0.81704938E+00
   0.66000000E+01   0.81629351E+00
   0.66100000E+01   0.81553687E+00
   0.66200000E+01   0.81477997E+00
   0.66300000E+01   0.81402181E+00
   0.66400000E+01   0.81326188E+00
   0.66500000E+01   0.81250167E+00
   0.66600000E+01   0.81174120E+00
   0.66700000E+01   0.81097896E+00
   0.66800000E+01   0.81021594E+00
   0.66900000E+01   0.80945215E+00
   0.67000000E+01   0.80868708E+00
   0.67100000E+01   0.80792123E+00
   0.67200000E+01   0.80715460E+00
   0.67300000E+01   0.80638719E+00
   0.67400000E+01   0.80561900E+00
   0.67500000E+01   0.80484903E+00
   0.67600000E+01   0.80407826E+00
   0.67700000E+01   0.80330771E+00
   0.67800000E+01   0.80253538E+00
   0.67900000E+01   0.80176125E+00
   0.68000000E+01   0.80098732E+00
   0.68100000E+01   0.80021211E+00
   0.68200000E+01   0.79943609E+00
   0.68300000E+01   0.79865929E+00
   0.68400000E+01   0.79788068E+00
   0.68500000E+01   0.79710177E+00
   0.68600000E+01   0.79632156E+00
   0.68700000E+01   0.79554054E+00
   0.68800000E+01   0.79475922E+00
   0.68900000E+01   0.79397610E+00
   0.69000000E+01   0.79319216E+00
   0.69100000E+01   0.79240742E+00
   0.69200000E+01   0.79162136E+00
   0.69300000E+01   0.79083499E+00
   0.69400000E+01   0.79004681E+00
   0.69500000E+01   0.78925780E+00
   0.69600000E+01   0.78846848E+00
   0.69700000E+01   0.78767784E+00
   0.69800000E+01   0.78688588E+00
   0.69900000E+01   0.78609309E+00
   0.70000000E+01   0.78529948E+00
   0.70100000E+01   0.78450454E+00
   0.70200000E+01   0.78370927E+00
   0.70300000E+01   0.78291268E+00
   0.70400000E+01   0.78211475E+00
   0.70500000E+01   0.78131599E+00
   0.70600000E+01   0.78051589E+00
   0.70700000E+01   0.77971545E+00
   0.70800000E+01   0.77891368E+00
   0.70900000E+01   0.77811106E+00
   0.71000000E+01   0.77730761E+00
   0.71100000E+01   0.77650231E+00
   0.71200000E+01   0.77569666E+00
   0.71300000E+01   0.77488967E+00
   0.71400000E+01   0.77408182E+00
   0.71500000E+01   0.77327313E+00
   0.71600000E+01   0.77246308E+00
   0.71700000E+01   0.77165218E+00
   0.71800000E+01   0.77084042E+00
   0.71900000E+01   0.77002731E+00
   0.72000000E+01   0.76921283E+00
   0.72100000E+01   0.76839799E+00
   0.72200000E+01   0.76758229E+00
   0.72300000E+01   0.76676473E+00
   0.72400000E+01   0.76594629E+00
   0.72500000E+01   0.76512749E+00
   0.72600000E+01   0.76430732E+00
   0.72700000E+01   0.76348578E+00
   0.72800000E+01   0.76266286E+00
   0.72900000E+01   0.76183956E+00
   0.73000000E+01   0.76101539E+00
   0.73100000E+01   0.76018934E+00
   0.73200000E+01   0.75936290E+00
   0.73300000E+01   0.75853509E+00
   0.73400000E+01   0.75770588E+00
   0.73500000E+01   0.75687679E+00
   0.73600000E+01   0.75604582E+00
   0.73700000E+01   0.75521295E+00
   0.73800000E+01   0.75438018E+00
   0.73900000E+01   0.75354603E+00
   0.74000000E+01   0.75271047E+00
   0.74100000E+01   0.75187452E+00
   0.74200000E+01   0.75103667E+00
   0.74300000E+01   0.75019841E+00
   0.74400000E+01   0.74935876E+00
   0.74500000E+01   0.74851769E+00
   0.74600000E+01   0.74767622E+00
   0.74700000E+01   0.74683284E+00
   0.74800000E+01   0.74598904E+00
   0.74900000E+01   0.74514384E+00
   0.75000000E+01   0.74429721E+00
   0.75100000E+01   0.74345017E+00
   0.75200000E+01   0.74260171E+00
   0.75300000E+01   0.74175183E+00
   0.75400000E+01   0.74090102E+00
   0.75500000E+01   0.74004929E+00
   0.75600000E+01   0.73919663E+00
   0.75700000E+01   0.73834255E+00
   0.75800000E+01   0.73748703E+00
   0.75900000E+01   0.73663058E+00
   0.76000000E+01   0.73577269E+00
   0.76100000E+01   0.73491436E+00
   0.76200000E+01   0.73405460E+00
   0.76300000E+01   0.73319389E+00
   0.76400000E+01   0.73233175E+00
   0.76500000E+01   0.73146815E+00
   0.76600000E+01   0.73060411E+00
   0.76700000E+01   0.72973862E+00
   0.76800000E+01   0.72887168E+00
   0.76900000E+01   0.72800378E+00
   0.77000000E+01   0.72713493E+00
   0.77100000E+01   0.72626462E+00
   0.77200000E+01   0.72539335E+00
   0.77300000E+01   0.72452062E+00
   0.77400000E+01   0.72364692E+00
   0.77500000E+01   0.72277226E+00
   0.77600000E+01   0.72189663E+00
   0.77700000E+01   0.72101904E+00
   0.77800000E+01   0.72014046E+00
   0.77900000E+01   0.71926142E+00
   0.78000000E+01   0.71838040E+00
   0.78100000E+01   0.71749790E+00
   0.78200000E+01   0.71661491E+00
   0.78300000E+01   0.71573095E+00
   0.78400000E+01   0.71484500E+00
   0.78500000E+01   0.71395856E+00
   0.78600000E+01   0.71307064E+00
   0.78700000E+01   0.71218122E+00
   0.78800000E+01   0.71129081E+00
   0.78900000E+01   0.71039940E+00
   0.79000000E+01   0.70950650E+00
   0.79100000E+01   0.70861259E+00
   0.79200000E+01   0.70771719E+00
   0.79300000E+01   0.70682077E+00
   0.79400000E+01   0.70592336E+00
   0.79500000E+01   0.70502393E+00
   0.79600000E+01   0.70412399E+00
   0.79700000E+01   0.70322254E+00
   0.79800000E+01   0.70231957E+00
   0.79900000E+01   0.70141608E+00
   0.80000000E+01   0.70051108E+00
   0.80100000E+01   0.69960455E+00
   0.80200000E+01   0.69869700E+00
   0.80300000E+01   0.69778792E+00
   0.80400000E+01   0.69687781E+00
   0.80500000E+01   0.69596617E+00
   0.80600000E+01   0.69505349E+00
   0.80700000E+01   0.69414028E+00
   0.80800000E+01   0.69322504E+00
   0.80900000E+01   0.69230775E+00
   0.81000000E+01   0.69139041E+00
   0.81100000E+01   0.69047154E+00
   0.81200000E+01   0.68955111E+00
   0.81300000E+01   0.68862964E+00
   0.81400000E+01   0.68770661E+00
   0.81500000E+01   0.68678253E+00
   0.81600000E+01   0.68585689E+00
   0.81700000E+01   0.68493019E+00
   0.81800000E+01   0.68400243E+00
   0.81900000E+01   0.68307311E+00
   0.82000000E+01   0.68214222E+00
   0.82100000E+01   0.68121026E+00
   0.82200000E+01   0.68027723E+00
   0.82300000E+01   0.67934263E+00
   0.82400000E+01   0.67840645E+00
   0.82500000E+01   0.67746919E+00
   0.82600000E+01   0.67653085E+00
   0.82700000E+01   0.67559093E+00
   0.82800000E+01   0.67464992E+00
   0.82900000E+01   0.67370733E+00
   0.83000000E+01   0.67276314E+00
   0.83100000E+01   0.67181836E+00
   0.83200000E+01   0.67087149E+00
   0.83300000E+01   0.66992351E+00
   0.83400000E+01   0.66897444E+00
   0.83500000E+01   0.66802376E+00
   0.83600000E+01   0.66707198E+00
   0.83700000E+01   0.66611859E+00
   0.83800000E+01   0.66516359E+00
   0.83900000E+01   0.66420747E+00
   0.84000000E+01   0.66325074E+00
   0.84100000E+01   0.66229190E+00
   0.84200000E+01   0.66133143E+00
   0.84300000E+01   0.66036984E+00
   0.84400000E+01   0.65940662E+00
   0.84500000E+01   0.65844277E+00
   0.84600000E+01   0.65747730E+00
   0.84700000E+01   0.65650969E+00
   0.84800000E+01   0.65554144E+00
   0.84900000E+01   0.65457156E+00
   0.85000000E+01   0.65360003E+00
   0.85100000E+01   0.65262736E+00
   0.85200000E+01   0.65165354E+00
   0.85300000E+01   0.65067808E+00
   0.85400000E+01   0.64970096E+00
   0.85500000E+01   0.64872269E+00
   0.85600000E+01   0.64774276E+00
   0.85700000E+01   0.64676167E+00
   0.85800000E+01   0.64577892E+00
   0.85900000E+01   0.64479500E+00
   0.86000000E+01   0.64380942E+00
   0.86100000E+01   0.64282266E+00
   0.86200000E+01   0.64183424E+00
   0.86300000E+01   0.64084413E+00
   0.86400000E+01   0.63985335E+00
   0.86500000E+01   0.63886039E+00
   0.86600000E+01   0.63786574E+00
   0.86700000E+01   0.63687040E+00
   0.86800000E+01   0.63587338E+00
   0.86900000E+01   0.63487466E+00
   0.87000000E+01   0.63387475E+00
   0.87100000E+01   0.63287314E+00
   0.87200000E+01   0.63187033E+00
   0.87300000E+01   0.63086582E+00
   0.87400000E+01   0.62985960E+00
   0.87500000E+01   0.62885167E+00
   0.87600000E+01   0.62784302E+00
   0.87700000E+01   0.62683267E+00
   0.87800000E+01   0.62582059E+00
   0.87900000E+01   0.62480730E+00
   0.88000000E+01   0.62379228E+00
   0.88100000E+01   0.62277604E+00
   0.88200000E+01   0.62175757E+00
   0.88300000E+01   0.62073786E+00
   0.88400000E+01   0.61971692E+00
   0.88500000E+01   0.61869474E+00
   0.88600000E+01   0.61767033E+00
   0.88700000E+01   0.61664466E+00
   0.88800000E+01   0.61561776E+00
   0.88900000E+01   0.61458860E+00
   0.89000000E+01   0.61355819E+00
   0.89100000E+01   0.61252652E+00
   0.89200000E+01   0.61149360E+00
   0.89300000E+01   0.61045842E+00
   0.89400000E+01   0.60942147E+00
   0.89500000E+01   0.60838325E+00
   0.89600000E+01   0.60734376E+00
   0.89700000E+01   0.60630300E+00
   0.89800000E+01   0.60525997E+00
   0.89900000E+01   0.60421565E+00
   0.90000000E+01   0.60316956E+00
   0.90100000E+01   0.60212167E+00
   0.90200000E+01   0.60107300E+00
   0.90300000E+01   0.60002204E+00
   0.90400000E+01   0.59896928E+00
   0.90500000E+01   0.59791572E+00
   0.90600000E+01   0.59686037E+00
   0.90700000E+01   0.59580271E+00
   0.90800000E+01   0.59474374E+00
   0.90900000E+01   0.59368346E+00
   0.91000000E+01   0.59262137E+00
   0.91100000E+01   0.59155796E+00
   0.91200000E+01   0.59049274E+00
   0.91300000E+01   0.58942519E+00
   0.91400000E+01   0.58835681E+00
   0.91500000E+01   0.58728661E+00
   0.91600000E+01   0.58621457E+00
   0.91700000E+01   0.58514120E+00
   0.91800000E+01   0.58406549E+00
   0.91900000E+01   0.58298893E+00
   0.92000000E+01   0.58191054E+00
   0.92100000E+01   0.58082979E+00
   0.92200000E+01   0.57974819E+00
   0.92300000E+01   0.57866424E+00
   0.92400000E+01   0.57757892E+00
   0.92500000E+01   0.57649225E+00
   0.92600000E+01   0.57540371E+00
   0.92700000E+01   0.57431331E+00
   0.92800000E+01   0.57322103E+00
   0.92900000E+01   0.57212688E+00
   0.93000000E+01   0.57103134E+00
   0.93100000E+01   0.56993493E+00
   0.93200000E+01   0.56883564E+00
   0.93300000E+01   0.56773445E+00
   0.93400000E+01   0.56663237E+00
   0.93500000E+01   0.56552840E+00
   0.93600000E+01   0.56442253E+00
   0.93700000E+01   0.56331476E+00
   0.93800000E+01   0.56220508E+00
   0.93900000E+01   0.56109449E+00
   0.94000000E+01   0.55998150E+00
   0.94100000E+01   0.55886658E+00
   0.94200000E+01   0.55775025E+00
   0.94300000E+01   0.55663199E+00
   0.94400000E+01   0.55551231E+00
   0.94500000E+01   0.55439070E+00
   0.94600000E+01   0.55326716E+00
   0.94700000E+01   0.55214118E+00
   0.94800000E+01   0.55101425E+00
   0.94900000E+01   0.54988589E+00
   0.95000000E+01   0.54875508E+00
   0.95100000E+01   0.54762232E+00
   0.95200000E+01   0.54648760E+00
   0.95300000E+01   0.54535192E+00
   0.95400000E+01   0.54421379E+00
   0.95500000E+01   0.54307368E+00
   0.95600000E+01   0.54193261E+00
   0.95700000E+01   0.54078907E+00
   0.95800000E+01   0.53964355E+00
   0.95900000E+01   0.53849655E+00
   0.96000000E+01   0.53734757E+00
   0.96100000E+01   0.53619660E+00
   0.96200000E+01   0.53504364E+00
   0.96300000E+01   0.53388918E+00
   0.96400000E+01   0.53273323E+00
   0.96500000E+01   0.53157428E+00
   0.96600000E+01   0.53041381E+00
   0.96700000E+01   0.52925234E+00
   0.96800000E+01   0.52808836E+00
   0.96900000E+01   0.52692236E+00
   0.97000000E+01   0.52575434E+00
   0.97100000E+01   0.52458479E+00
   0.97200000E+01   0.52341322E+00
   0.97300000E+01   0.52223911E+00
   0.97400000E+01   0.52106396E+00
   0.97500000E+01   0.51988678E+00
   0.97600000E+01   0.51870755E+00
   0.97700000E+01   0.51752628E+00
   0.97800000E+01   0.51634295E+00
   0.97900000E+01   0.51515807E+00
   0.98000000E+01   0.51397063E+00
   0.98100000E+01   0.51278162E+00
   0.98200000E+01   0.51159055E+00
   0.98300000E+01   0.51039740E+00
   0.98400000E+01   0.50920268E+00
   0.98500000E+01   0.50800588E+00
   0.98600000E+01   0.50680700E+00
   0.98700000E+01   0.50560603E+00
   0.98800000E+01   0.50440347E+00
   0.98900000E+01   0.50319832E+00
   0.99000000E+01   0.50199106E+00
   0.99100000E+01   0.50078220E+00
   0.99200000E+01   0.49957173E+00
   0.99300000E+01   0.49835866E+00
   0.99400000E+01   0.49714346E+00
   0.99500000E+01   0.49592665E+00
   0.99600000E+01   0.49470721E+00
   0.99700000E+01   0.49348614E+00
   0.99800000E+01   0.49226344E+00
   0.99900000E+01   0.49103811E+00
   0.10000000E+02   0.48981063E+00
   0.10010000E+02   0.48858151E+00
   0.10020000E+02   0.48735024E+00
   0.10030000E+02   0.48611682E+00
   0.10040000E+02   0.48488124E+00
   0.10050000E+02   0.48364350E+00
   0.10060000E+02   0.48240359E+00
   0.10070000E+02   0.48116201E+00
   0.10080000E+02   0.47991776E+00
   0.10090000E+02   0.47867182E+00
   0.10100000E+02   0.47742421E+00
   0.10110000E+02   0.47617341E+00
   0.10120000E+02   0.47492091E+00
   0.10130000E+02   0.47366672E+00
   0.10140000E+02   0.47240983E+00
   0.10150000E+02   0.47115073E+00
   0.10160000E+02   0.46988992E+00
   0.10170000E+02   0.46862690E+00
   0.10180000E+02   0.46736166E+00
   0.10190000E+02   0.46609420E+00
   0.10200000E+02   0.46482451E+00
   0.10210000E+02   0.46355259E+00
   0.10220000E+02   0.46227893E+00
   0.10230000E+02   0.46100254E+00
   0.10240000E+02   0.45972389E+00
   0.10250000E+02   0.45844350E+00
   0.10260000E+02   0.45716085E+00
   0.10270000E+02   0.45587595E+00
   0.10280000E+02   0.45458828E+00
   0.10290000E+02   0.45329884E+00
   0.10300000E+02   0.45200713E+00
   0.10310000E+02   0.45071314E+00
   0.10320000E+02   0.44941687E+00
   0.10330000E+02   0.44811831E+00
   0.10340000E+02   0.44681796E+00
   0.10350000E+02   0.44551482E+00
   0.10360000E+02   0.44420937E+00
   0.10370000E+02   0.44290212E+00
   0.10380000E+02   0.44159206E+00
   0.10390000E+02   0.44027968E+00
   0.10400000E+02   0.43896548E+00
   0.10410000E+02   0.43764896E+00
   0.10420000E+02   0.43633011E+00
   0.10430000E+02   0.43500843E+00
   0.10440000E+02   0.43368440E+00
   0.10450000E+02   0.43235903E+00
   0.10460000E+02   0.43103082E+00
   0.10470000E+02   0.42969975E+00
   0.10480000E+02   0.42836632E+00
   0.10490000E+02   0.42703102E+00
   0.10500000E+02   0.42569386E+00
   0.10510000E+02   0.42435333E+00
   0.10520000E+02   0.42301091E+00
   0.10530000E+02   0.42166612E+00
   0.10540000E+02   0.42031843E+00
   0.10550000E+02   0.41896935E+00
   0.10560000E+02   0.41761738E+00
   0.10570000E+02   0.41626250E+00
   0.10580000E+02   0.41490521E+00
   0.10590000E+02   0.41354600E+00
   0.10600000E+02   0.41218488E+00
   0.10610000E+02   0.41082034E+00
   0.10620000E+02   0.40945336E+00
   0.10630000E+02   0.40808445E+00
   0.10640000E+02   0.40671310E+00
   0.10650000E+02   0.40533931E+00
   0.10660000E+02   0.40396257E+00
   0.10670000E+02   0.40258337E+00
   0.10680000E+02   0.40120221E+00
   0.10690000E+02   0.39981809E+00
   0.10700000E+02   0.39843149E+00
   0.10710000E+02   0.39704292E+00
   0.10720000E+02   0.39565137E+00
   0.10730000E+02   0.39425733E+00
   0.10740000E+02   0.39286080E+00
   0.10750000E+02   0.39146177E+00
   0.10760000E+02   0.39006024E+00
   0.10770000E+02   0.38865620E+00
   0.10780000E+02   0.38724915E+00
   0.10790000E+02   0.38584007E+00
   0.10800000E+02   0.38442848E+00
   0.10810000E+02   0.38301385E+00
   0.10820000E+02   0.38159669E+00
   0.10830000E+02   0.38017698E+00
   0.10840000E+02   0.37875523E+00
   0.10850000E+02   0.37732993E+00
   0.10860000E+02   0.37590256E+00
   0.10870000E+02   0.37447314E+00
   0.10880000E+02   0.37304015E+00
   0.10890000E+02   0.37160458E+00
   0.10900000E+02   0.37016643E+00
   0.10910000E+02   0.36872619E+00
   0.10920000E+02   0.36728287E+00
   0.10930000E+02   0.36583694E+00
   0.10940000E+02   0.36438842E+00
   0.10950000E+02   0.36293678E+00
   0.10960000E+02   0.36148303E+00
   0.10970000E+02   0.36002616E+00
   0.10980000E+02   0.35856666E+00
   0.10990000E+02   0.35710453E+00
   0.11000000E+02   0.35563976E+00
   0.11010000E+02   0.35417235E+00
   0.11020000E+02   0.35270179E+00
   0.11030000E+02   0.35122857E+00
   0.11040000E+02   0.34975319E+00
   0.11050000E+02   0.34827465E+00
   0.11060000E+02   0.34679293E+00
   0.11070000E+02   0.34530853E+00
   0.11080000E+02   0.34382194E+00
   0.11090000E+02   0.34233217E+00
   0.11100000E+02   0.34083919E+00
   0.11110000E+02   0.33934451E+00
   0.11120000E+02   0.33784613E+00
   0.11130000E+02   0.33634502E+00
   0.11140000E+02   0.33484120E+00
   0.11150000E+02   0.33333414E+00
   0.11160000E+02   0.33182485E+00
   0.11170000E+02   0.33031282E+00
   0.11180000E+02   0.32879755E+00
   0.11190000E+02   0.32727902E+00
   0.11200000E+02   0.32575823E+00
   0.11210000E+02   0.32423418E+00
   0.11220000E+02   0.32270735E+00
   0.11230000E+02   0.32117775E+00
   0.11240000E+02   0.31964486E+00
   0.11250000E+02   0.31810918E+00
   0.11260000E+02   0.31657070E+00
   0.11270000E+02   0.31502892E+00
   0.11280000E+02   0.31348432E+00
   0.11290000E+02   0.31193741E+00
   0.11300000E+02   0.31038718E+00
   0.11310000E+02   0.30883362E+00
   0.11320000E+02   0.30727722E+00
   0.11330000E+02   0.30571798E+00
   0.11340000E+02   0.30415539E+00
   0.11350000E+02   0.30258994E+00
   0.11360000E+02   0.30102163E+00
   0.11370000E+02   0.29944995E+00
   0.11380000E+02   0.29787539E+00
   0.11390000E+02   0.29629845E+00
   0.11400000E+02   0.29471763E+00
   0.11410000E+02   0.29313340E+00
   0.11420000E+02   0.29154677E+00
   0.11430000E+02   0.28995723E+00
   0.11440000E+02   0.28836428E+00
   0.11450000E+02   0.28676790E+00
   0.11460000E+02   0.28516909E+00
   0.11470000E+02   0.28356685E+00
   0.11480000E+02   0.28196116E+00
   0.11490000E+02   0.28035252E+00
   0.11500000E+02   0.27874042E+00
   0.11510000E+02   0.27712535E+00
   0.11520000E+02   0.27550781E+00
   0.11530000E+02   0.27388680E+00
   0.11540000E+02   0.27226180E+00
   0.11550000E+02   0.27063380E+00
   0.11560000E+02   0.26900330E+00
   0.11570000E+02   0.26736930E+00
   0.11580000E+02   0.26573178E+00
   0.11590000E+02   0.26409124E+00
   0.11600000E+02   0.26244717E+00
   0.11610000E+02   0.26080006E+00
   0.11620000E+02   0.25914991E+00
   0.11630000E+02   0.25749621E+00
   0.11640000E+02   0.25583895E+00
   0.11650000E+02   0.25417912E+00
   0.11660000E+02   0.25251573E+00
   0.11670000E+02   0.25084825E+00
   0.11680000E+02   0.24917818E+00
   0.11690000E+02   0.24750452E+00
   0.11700000E+02   0.24582725E+00
   0.11710000E+02   0.24414737E+00
   0.11720000E+02   0.24246388E+00
   0.11730000E+02   0.24077676E+00
   0.11740000E+02   0.23908601E+00
   0.11750000E+02   0.23739211E+00
   0.11760000E+02   0.23569507E+00
   0.11770000E+02   0.23399437E+00
   0.11780000E+02   0.23229051E+00
   0.11790000E+02   0.23058298E+00
   0.11800000E+02   0.22887177E+00
   0.11810000E+02   0.22715687E+00
   0.11820000E+02   0.22543927E+00
   0.11830000E+02   0.22371798E+00
   0.11840000E+02   0.22199247E+00
   0.11850000E+02   0.22026424E+00
   0.11860000E+02   0.21853279E+00
   0.11870000E+02   0.21679711E+00
   0.11880000E+02   0.21505768E+00
   0.11890000E+02   0.21331500E+00
   0.11900000E+02   0.21156906E+00
   0.11910000E+02   0.20981936E+00
   0.11920000E+02   0.20806588E+00
   0.11930000E+02   0.20630862E+00
   0.11940000E+02   0.20454806E+00
   0.11950000E+02   0.20278471E+00
   0.11960000E+02   0.20101656E+00
   0.11970000E+02   0.19924508E+00
   0.11980000E+02   0.19747029E+00
   0.11990000E+02   0.19569116E+00
   0.12000000E+02   0.19390869E+00
   0.12010000E+02   0.19212237E+00
   0.12020000E+02   0.19033269E+00
   0.12030000E+02   0.18853965E+00
   0.12040000E+02   0.18674224E+00
   0.12050000E+02   0.18494094E+00
   0.12060000E+02   0.18313625E+00
   0.12070000E+02   0.18132766E+00
   0.12080000E+02   0.17951566E+00
   0.12090000E+02   0.17769975E+00
   0.12100000E+02   0.17587991E+00
   0.12110000E+02   0.17405614E+00
   0.12120000E+02   0.17222892E+00
   0.12130000E+02   0.17039776E+00
   0.12140000E+02   0.16856213E+00
   0.12150000E+02   0.16672353E+00
   0.12160000E+02   0.16488096E+00
   0.12170000E+02   0.16303390E+00
   0.12180000E+02   0.16118334E+00
   0.12190000E+02   0.15932878E+00
   0.12200000E+02   0.15747020E+00
   0.12210000E+02   0.15560810E+00
   0.12220000E+02   0.15374197E+00
   0.12230000E+02   0.15187180E+00
   0.12240000E+02   0.14999758E+00
   0.12250000E+02   0.14811930E+00
   0.12260000E+02   0.14623745E+00
   0.12270000E+02   0.14435103E+00
   0.12280000E+02   0.14246101E+00
   0.12290000E+02   0.14056691E+00
   0.12300000E+02   0.13866869E+00
   0.12310000E+02   0.13676687E+00
   0.12320000E+02   0.13485992E+00
   0.12330000E+02   0.13294933E+00
   0.12340000E+02   0.13103510E+00
   0.12350000E+02   0.12911672E+00
   0.12360000E+02   0.12719418E+00
   0.12370000E+02   0.12526747E+00
   0.12380000E+02   0.12333608E+00
   0.12390000E+02   0.12140099E+00
   0.12400000E+02   0.11946221E+00
   0.12410000E+02   0.11751822E+00
   0.12420000E+02   0.11557050E+00
   0.12430000E+02   0.11361906E+00
   0.12440000E+02   0.11166288E+00
   0.12450000E+02   0.10970245E+00
   0.12460000E+02   0.10773826E+00
   0.12470000E+02   0.10576931E+00
   0.12480000E+02   0.10379607E+00
   0.12490000E+02   0.10181855E+00
   0.12500000E+02   0.99836720E-01
   0.12510000E+02   0.97851090E-01
   0.12520000E+02   0.95860640E-01
   0.12530000E+02   0.93865860E-01
   0.12540000E+02   0.91867240E-01
   0.12550000E+02   0.89863780E-01
   0.12560000E+02   0.87855450E-01
   0.12570000E+02   0.85843750E-01
   0.12580000E+02   0.83827180E-01
   0.12590000E+02   0.81806210E-01
   0.12600000E+02   0.79780850E-01
   0.12610000E+02   0.77750570E-01
   0.12620000E+02   0.75716370E-01
   0.12630000E+02   0.73677240E-01
   0.12640000E+02   0.71634160E-01
   0.12650000E+02   0.69586140E-01
   0.12660000E+02   0.67533640E-01
   0.12670000E+02   0.65477180E-01
   0.12680000E+02   0.63415230E-01
   0.12690000E+02   0.61349280E-01
   0.12700000E+02   0.59278830E-01
   0.12710000E+02   0.57203360E-01
   0.12720000E+02   0.55123360E-01
   0.12730000E+02   0.53038820E-01
   0.12740000E+02   0.50950230E-01
   0.12750000E+02   0.48856090E-01
   0.12760000E+02   0.46757360E-01
   0.12770000E+02   0.44654560E-01
   0.12780000E+02   0.42546660E-01
   0.12790000E+02   0.40434160E-01
   0.12800000E+02   0.38316540E-01
   0.12810000E+02   0.36194290E-01
   0.12820000E+02   0.34067400E-01
   0.12830000E+02   0.31936360E-01
   0.12840000E+02   0.29799670E-01
   0.12850000E+02   0.27658290E-01
   0.12860000E+02   0.25512240E-01
   0.12870000E+02   0.23360980E-01
   0.12880000E+02   0.21206020E-01
   0.12890000E+02   0.19045350E-01
   0.12900000E+02   0.16878940E-01
   0.12910000E+02   0.14708780E-01
   0.12920000E+02   0.12533880E-01
   0.12930000E+02   0.10353210E-01
   0.12940000E+02   0.81677600E-02
   0.12950000E+02   0.59780200E-02
   0.12960000E+02   0.37829900E-02
   0.12970000E+02   0.15821400E-02
   0.12980000E+02  -0.62304000E-03
   0.12990000E+02  -0.28330500E-02
   0.13000000E+02  -0.50484100E-02
   0.13010000E+02  -0.72691300E-02
   0.13020000E+02  -0.94947300E-02
   0.13030000E+02  -0.11724710E-01
   0.13040000E+02  -0.13960580E-01
   0.13050000E+02  -0.16201870E-01
   0.13060000E+02  -0.18447580E-01
   0.13070000E+02  -0.20698720E-01
   0.13080000E+02  -0.22955310E-01
   0.13090000E+02  -0.25216360E-01
   0.13100000E+02  -0.27482870E-01
   0.13110000E+02  -0.29755370E-01
   0.13120000E+02  -0.32032870E-01
   0.13130000E+02  -0.34315380E-01
   0.13140000E+02  -0.36602910E-01
   0.13150000E+02  -0.38895970E-01
   0.13160000E+02  -0.41194580E-01
   0.13170000E+02  -0.43498250E-01
   0.13180000E+02  -0.45807490E-01
   0.13190000E+02  -0.48121820E-01
   0.13200000E+02  -0.50441740E-01
   0.13210000E+02  -0.52766780E-01
   0.13220000E+02  -0.55097430E-01
   0.13230000E+02  -0.57434230E-01
   0.13240000E+02  -0.59775680E-01
   0.13250000E+02  -0.62122290E-01
   0.13260000E+02  -0.64475070E-01
   0.13270000E+02  -0.66833550E-01
   0.13280000E+02  -0.69197230E-01
   0.13290000E+02  -0.71566130E-01
   0.13300000E+02  -0.73940750E-01
   0.13310000E+02  -0.76321120E-01
   0.13320000E+02  -0.78707240E-01
   0.13330000E+02  -0.81098640E-01
   0.13340000E+02  -0.83495810E-01
   0.13350000E+02  -0.85898790E-01
   0.13360000E+02  -0.88307070E-01
   0.13370000E+02  -0.90721680E-01
   0.13380000E+02  -0.93141630E-01
   0.13390000E+02  -0.95566930E-01
   0.13400000E+02  -0.97998440E-01
   0.13410000E+02  -0.10043589E+00
   0.13420000E+02  -0.10287867E+00
   0.13430000E+02  -0.10532742E+00
   0.13440000E+02  -0.10778204E+00
   0.13450000E+02  -0.11024249E+00
   0.13460000E+02  -0.11270874E+00
   0.13470000E+02  -0.11518090E+00
   0.13480000E+02  -0.11765899E+00
   0.13490000E+02  -0.12014298E+00
   0.13500000E+02  -0.12263291E+00
   0.13510000E+02  -0.12512872E+00
   0.13520000E+02  -0.12763057E+00
   0.13530000E+02  -0.13013846E+00
   0.13540000E+02  -0.13265232E+00
   0.13550000E+02  -0.13517216E+00
   0.13560000E+02  -0.13769808E+00
   0.13570000E+02  -0.14023007E+00
   0.13580000E+02  -0.14276818E+00
   0.13590000E+02  -0.14531237E+00
   0.13600000E+02  -0.14786267E+00
   0.13610000E+02  -0.15041913E+00
   0.13620000E+02  -0.15298177E+00
   0.13630000E+02  -0.15555061E+00
   0.13640000E+02  -0.15812556E+00
   0.13650000E+02  -0.16070678E+00
   0.13660000E+02  -0.16329430E+00
   0.13670000E+02  -0.16588807E+00
   0.13680000E+02  -0.16848806E+00
   0.13690000E+02  -0.17109434E+00
   0.13700000E+02  -0.17370702E+00
   0.13710000E+02  -0.17632606E+00
   0.13720000E+02  -0.17895139E+00
   0.13730000E+02  -0.18158306E+00
   0.13740000E+02  -0.18422120E+00
   0.13750000E+02  -0.18686576E+00
   0.13760000E+02  -0.18951672E+00
   0.13770000E+02  -0.19217413E+00
   0.13780000E+02  -0.19483807E+00
   0.13790000E+02  -0.19750850E+00
   0.13800000E+02  -0.20018548E+00
   0.13810000E+02  -0.20286893E+00
   0.13820000E+02  -0.20555892E+00
   0.13830000E+02  -0.20825556E+00
   0.13840000E+02  -0.21095878E+00
   0.13850000E+02  -0.21366862E+00
   0.13860000E+02  -0.21638506E+00
   0.13870000E+02  -0.21910818E+00
   0.13880000E+02  -0.22183801E+00
   0.13890000E+02  -0.22457453E+00
   0.13900000E+02  -0.22731772E+00
   0.13910000E+02  -0.23006767E+00
   0.13920000E+02  -0.23282439E+00
   0.13930000E+02  -0.23558795E+00
   0.13940000E+02  -0.23835824E+00
   0.13950000E+02  -0.24113530E+00
   0.13960000E+02  -0.24391927E+00
   0.13970000E+02  -0.24671012E+00
   0.13980000E+02  -0.24950782E+00
   0.13990000E+02  -0.25231237E+00
   0.14000000E+02  -0.25512390E+00
   0.14010000E+02  -0.25794237E+00
   0.14020000E+02  -0.26076781E+00
   0.14030000E+02  -0.26360017E+00
   0.14040000E+02  -0.26643951E+00
   0.14050000E+02  -0.26928602E+00
   0.14060000E+02  -0.27213951E+00
   0.14070000E+02  -0.27499998E+00
   0.14080000E+02  -0.27786757E+00
   0.14090000E+02  -0.28074228E+00
   0.14100000E+02  -0.28362418E+00
   0.14110000E+02  -0.28651314E+00
   0.14120000E+02  -0.28940918E+00
   0.14130000E+02  -0.29231251E+00
   0.14140000E+02  -0.29522310E+00
   0.14150000E+02  -0.29814082E+00
   0.14160000E+02  -0.30106573E+00
   0.14170000E+02  -0.30399795E+00
   0.14180000E+02  -0.30693755E+00
   0.14190000E+02  -0.30988440E+00
   0.14200000E+02  -0.31283850E+00
   0.14210000E+02  -0.31579994E+00
   0.14220000E+02  -0.31876882E+00
   0.14230000E+02  -0.32174511E+00
   0.14240000E+02  -0.32472869E+00
   0.14250000E+02  -0.32771971E+00
   0.14260000E+02  -0.33071820E+00
   0.14270000E+02  -0.33372417E+00
   0.14280000E+02  -0.33673764E+00
   0.14290000E+02  -0.33975852E+00
   0.14300000E+02  -0.34278689E+00
   0.14310000E+02  -0.34582291E+00
   0.14320000E+02  -0.34886670E+00
   0.14330000E+02  -0.35191783E+00
   0.14340000E+02  -0.35497631E+00
   0.14350000E+02  -0.35804266E+00
   0.14360000E+02  -0.36111640E+00
   0.14370000E+02  -0.36419804E+00
   0.14380000E+02  -0.36728761E+00
   0.14390000E+02  -0.37038462E+00
   0.14400000E+02  -0.37348909E+00
   0.14410000E+02  -0.37660153E+00
   0.14420000E+02  -0.37972197E+00
   0.14430000E+02  -0.38284942E+00
   0.14440000E+02  -0.38598489E+00
   0.14450000E+02  -0.38912891E+00
   0.14460000E+02  -0.39228050E+00
   0.14470000E+02  -0.39543917E+00
   0.14480000E+02  -0.39860643E+00
   0.14490000E+02  -0.40178182E+00
   0.14500000E+02  -0.40496384E+00
   0.14510000E+02  -0.40815450E+00
   0.14520000E+02  -0.41135384E+00
   0.14530000E+02  -0.41455987E+00
   0.14540000E+02  -0.41777459E+00
   0.14550000E+02  -0.42099755E+00
   0.14560000E+02  -0.42422724E+00
   0.14570000E+02  -0.42746618E+00
   0.14580000E+02  -0.43071291E+00
   0.14590000E+02  -0.43396742E+00
   0.14600000E+02  -0.43723025E+00
   0.14610000E+02  -0.44050090E+00
   0.14620000E+02  -0.44377990E+00
   0.14630000E+02  -0.44706676E+00
   0.14640000E+02  -0.45036200E+00
   0.14650000E+02  -0.45366514E+00
   0.14660000E+02  -0.45697669E+00
   0.14670000E+02  -0.46029618E+00
   0.14680000E+02  -0.46362411E+00
   0.14690000E+02  -0.46696052E+00
   0.14700000E+02  -0.47030441E+00
   0.14710000E+02  -0.47365730E+00
   0.14720000E+02  -0.47701772E+00
   0.14730000E+02  -0.48038666E+00
   0.14740000E+02  -0.48376467E+00
   0.14750000E+02  -0.48714975E+00
   0.14760000E+02  -0.49054391E+00
   0.14770000E+02  -0.49394619E+00
   0.14780000E+02  -0.49735658E+00
   0.14790000E+02  -0.50077612E+00
   0.14800000E+02  -0.50420332E+00
   0.14810000E+02  -0.50763919E+00
   0.14820000E+02  -0.51108326E+00
   0.14830000E+02  -0.51453603E+00
   0.14840000E+02  -0.51799704E+00
   0.14850000E+02  -0.52146628E+00
   0.14860000E+02  -0.52494429E+00
   0.14870000E+02  -0.52843057E+00
   0.14880000E+02  -0.53192615E+00
   0.14890000E+02  -0.53542905E+00
   0.14900000E+02  -0.53894076E+00
   0.14910000E+02  -0.54246133E+00
   0.14920000E+02  -0.54599025E+00
   0.14930000E+02  -0.54952806E+00
   0.14940000E+02  -0.55307376E+00
   0.14950000E+02  -0.55662837E+00
   0.14960000E+02  -0.56019141E+00
   0.14970000E+02  -0.56376339E+00
   0.14980000E+02  -0.56734334E+00
   0.14990000E+02  -0.57093225E+00
   0.15000000E+02  -0.57453017E+00
   0.15010000E+02  -0.57813609E+00
   0.15020000E+02  -0.58175104E+00
   0.15030000E+02  -0.58537453E+00
   0.15040000E+02  -0.58900658E+00
   0.15050000E+02  -0.59264720E+00
   0.15060000E+02  -0.59629641E+00
   0.15070000E+02  -0.59995472E+00
   0.15080000E+02  -0.60362166E+00
   0.15090000E+02  -0.60729673E+00
   0.15100000E+02  -0.61098095E+00
   0.15110000E+02  -0.61467384E+00
   0.15120000E+02  -0.61837541E+00
   0.15130000E+02  -0.62208568E+00
   0.15140000E+02  -0.62580466E+00
   0.15150000E+02  -0.62953237E+00
   0.15160000E+02  -0.63326882E+00
   0.15170000E+02  -0.63701403E+00
   0.15180000E+02  -0.64076801E+00
   0.15190000E+02  -0.64453028E+00
   0.15200000E+02  -0.64830184E+00
   0.15210000E+02  -0.65208223E+00
   0.15220000E+02  -0.65587094E+00
   0.15230000E+02  -0.65966900E+00
   0.15240000E+02  -0.66347492E+00
   0.15250000E+02  -0.66729020E+00
   0.15260000E+02  -0.67111488E+00
   0.15270000E+02  -0.67494746E+00
   0.15280000E+02  -0.67878845E+00
   0.15290000E+02  -0.68263886E+00
   0.15300000E+02  -0.68649822E+00
   0.15310000E+02  -0.69036603E+00
   0.15320000E+02  -0.69424281E+00
   0.15330000E+02  -0.69812857E+00
   0.15340000E+02  -0.70202283E+00
   0.15350000E+02  -0.70592559E+00
   0.15360000E+02  -0.70983737E+00
   0.15370000E+02  -0.71375768E+00
   0.15380000E+02  -0.71768703E+00
   0.15390000E+02  -0.72162544E+00
   0.15400000E+02  -0.72557242E+00
   0.15410000E+02  -0.72952798E+00
   0.15420000E+02  -0.73349213E+00
   0.15430000E+02  -0.73746588E+00
   0.15440000E+02  -0.74144776E+00
   0.15450000E+02  -0.74543825E+00
   0.15460000E+02  -0.74943789E+00
   0.15470000E+02  -0.75344617E+00
   0.15480000E+02  -0.75746362E+00
   0.15490000E+02  -0.76148924E+00
   0.15500000E+02  -0.76552354E+00
   0.15510000E+02  -0.76956653E+00
   0.15520000E+02  -0.77361872E+00
   0.15530000E+02  -0.77767963E+00
   0.15540000E+02  -0.78174876E+00
   0.15550000E+02  -0.78582712E+00
   0.15560000E+02  -0.78991423E+00
   0.15570000E+02  -0.79400959E+00
   0.15580000E+02  -0.79811371E+00
   0.15590000E+02  -0.80222660E+00
   0.15600000E+02  -0.80634827E+00
   0.15610000E+02  -0.81047873E+00
   0.15620000E+02  -0.81461749E+00
   0.15630000E+02  -0.81876505E+00
   0.15640000E+02  -0.82292143E+00
   0.15650000E+02  -0.82708613E+00
   0.15660000E+02  -0.83125966E+00
   0.15670000E+02  -0.83544203E+00
   0.15680000E+02  -0.83963225E+00
   0.15690000E+02  -0.84383181E+00
   0.15700000E+02  -0.84803975E+00
   0.15710000E+02  -0.85225554E+00
   0.15720000E+02  -0.85648121E+00
   0.15730000E+02  -0.86071477E+00
   0.15740000E+02  -0.86495671E+00
   0.15750000E+02  -0.86920705E+00
   0.15760000E+02  -0.87346628E+00
   0.15770000E+02  -0.87773393E+00
   0.15780000E+02  -0.88200998E+00
   0.15790000E+02  -0.88629496E+00
   0.15800000E+02  -0.89058736E+00
   0.15810000E+02  -0.89488868E+00
   0.15820000E+02  -0.89919894E+00
   0.15830000E+02  -0.90351714E+00
   0.15840000E+02  -0.90784378E+00
   0.15850000E+02  -0.91217887E+00
   0.15860000E+02  -0.91652241E+00
   0.15870000E+02  -0.92087391E+00
   0.15880000E+02  -0.92523386E+00
   0.15890000E+02  -0.92960228E+00
   0.15900000E+02  -0.93397916E+00
   0.15910000E+02  -0.93836452E+00
   0.15920000E+02  -0.94275785E+00
   0.15930000E+02  -0.94715916E+00
   0.15940000E+02  -0.95156844E+00
   0.15950000E+02  -0.95598720E+00
   0.15960000E+02  -0.96041346E+00
   0.15970000E+02  -0.96484719E+00
   0.15980000E+02  -0.96928991E+00
   0.15990000E+02  -0.97374062E+00
   0.16000000E+02  -0.97819932E+00
   0.16010000E+02  -0.98266651E+00
   0.16020000E+02  -0.98714170E+00
   0.16030000E+02  -0.99162438E+00
   0.16040000E+02  -0.99611555E+00
   0.16050000E+02  -0.10006152E+01
   0.16060000E+02  -0.10051224E+01
   0.16070000E+02  -0.10096371E+01
   0.16080000E+02  -0.10141607E+01
   0.16090000E+02  -0.10186919E+01
   0.16100000E+02  -0.10232305E+01
   0.16110000E+02  -0.10277781E+01
   0.16120000E+02  -0.10323333E+01
   0.16130000E+02  -0.10368959E+01
   0.16140000E+02  -0.10414660E+01
   0.16150000E+02  -0.10460446E+01
   0.16160000E+02  -0.10506317E+01
   0.16170000E+02  -0.10552258E+01
   0.16180000E+02  -0.10598274E+01
   0.16190000E+02  -0.10644369E+01
   0.16200000E+02  -0.10690545E+01
   0.16210000E+02  -0.10736800E+01
   0.16220000E+02  -0.10783125E+01
   0.16230000E+02  -0.10829529E+01
   0.16240000E+02  -0.10876014E+01
   0.16250000E+02  -0.10922572E+01
   0.16260000E+02  -0.10969211E+01
   0.16270000E+02  -0.11015919E+01
   0.16280000E+02  -0.11062702E+01
   0.16290000E+02  -0.11109569E+01
   0.16300000E+02  -0.11156511E+01
   0.16310000E+02  -0.11203517E+01
   0.16320000E+02  -0.11250603E+01
   0.16330000E+02  -0.11297768E+01
   0.16340000E+02  -0.11345012E+01
   0.16350000E+02  -0.11392320E+01
   0.16360000E+02  -0.11439698E+01
   0.16370000E+02  -0.11487165E+01
   0.16380000E+02  -0.11534706E+01
   0.16390000E+02  -0.11582311E+01
   0.16400000E+02  -0.11629985E+01
   0.16410000E+02  -0.11677738E+01
   0.16420000E+02  -0.11725570E+01
   0.16430000E+02  -0.11773475E+01
   0.16440000E+02  -0.11821440E+01
   0.16450000E+02  -0.11869483E+01
   0.16460000E+02  -0.11917610E+01
   0.16470000E+02  -0.11965795E+01
   0.16480000E+02  -0.12014054E+01
   0.16490000E+02  -0.12062386E+01
   0.16500000E+02  -0.12110792E+01
   0.16510000E+02  -0.12159276E+01
   0.16520000E+02  -0.12207818E+01
   0.16530000E+02  -0.12256428E+01
   0.16540000E+02  -0.12305122E+01
   0.16550000E+02  -0.12353883E+01
   0.16560000E+02  -0.12402712E+01
   0.16570000E+02  -0.12451610E+01
   0.16580000E+02  -0.12500575E+01
   0.16590000E+02  -0.12549623E+01
   0.16600000E+02  -0.12598738E+01
   0.16610000E+02  -0.12647911E+01
   0.16620000E+02  -0.12697151E+01
   0.16630000E+02  -0.12746474E+01
   0.16640000E+02  -0.12795869E+01
   0.16650000E+02  -0.12845322E+01
   0.16660000E+02  -0.12894836E+01
   0.16670000E+02  -0.12944433E+01
   0.16680000E+02  -0.12994101E+01
   0.16690000E+02  -0.13043827E+01
   0.16700000E+02  -0.13093619E+01
   0.16710000E+02  -0.13143483E+01
   0.16720000E+02  -0.13193428E+01
   0.16730000E+02  -0.13243430E+01
   0.16740000E+02  -0.13293489E+01
   0.16750000E+02  -0.13343619E+01
   0.16760000E+02  -0.13393830E+01
   0.16770000E+02  -0.13444107E+01
   0.16780000E+02  -0.13494435E+01
   0.16790000E+02  -0.13544835E+01
   0.16800000E+02  -0.13595310E+01
   0.16810000E+02  -0.13645851E+01
   0.16820000E+02  -0.13696448E+01
   0.16830000E+02  -0.13747110E+01
   0.16840000E+02  -0.13797848E+01
   0.16850000E+02  -0.13848661E+01
   0.16860000E+02  -0.13899530E+01
   0.16870000E+02  -0.13950449E+01
   0.16880000E+02  -0.14001443E+01
   0.16890000E+02  -0.14052517E+01
   0.16900000E+02  -0.14103651E+01
   0.16910000E+02  -0.14154835E+01
   0.16920000E+02  -0.14206088E+01
   0.16930000E+02  -0.14257421E+01
   0.16940000E+02  -0.14308814E+01
   0.16950000E+02  -0.14360262E+01
   0.16960000E+02  -0.14411768E+01
   0.16970000E+02  -0.14463349E+01
   0.16980000E+02  -0.14514999E+01
   0.16990000E+02  -0.14566758E+01
   0.17000000E+02  -0.14618492E+01
   0.17010000E+02  -0.14670298E+01
   0.17020000E+02  -0.14722279E+01
   0.17030000E+02  -0.14774234E+01
   0.17040000E+02  -0.14826212E+01
   0.17050000E+02  -0.14878313E+01
   0.17060000E+02  -0.14930488E+01
   0.17070000E+02  -0.14982736E+01
   0.17080000E+02  -0.15035008E+01
   0.17090000E+02  -0.15087302E+01
   0.17100000E+02  -0.15139719E+01
   0.17110000E+02  -0.15192259E+01
   0.17120000E+02  -0.15244773E+01
   0.17130000E+02  -0.15297308E+01
   0.17140000E+02  -0.15350016E+01
   0.17150000E+02  -0.15402747E+01
   0.17160000E+02  -0.15455550E+01
   0.17170000E+02  -0.15508376E+01
   0.17180000E+02  -0.15561273E+01
   0.17190000E+02  -0.15614293E+01
   0.17200000E+02  -0.15667335E+01
   0.17210000E+02  -0.15720399E+01
   0.17220000E+02  -0.15773534E+01
   0.17230000E+02  -0.15826791E+01
   0.17240000E+02  -0.15880070E+01
   0.17250000E+02  -0.15933370E+01
   0.17260000E+02  -0.15986791E+01
   0.17270000E+02  -0.16040284E+01
   0.17280000E+02  -0.16093798E+01
   0.17290000E+02  -0.16147383E+01
   0.17300000E+02  -0.16201039E+01
   0.17310000E+02  -0.16254766E+01
   0.17320000E+02  -0.16308514E+01
   0.17330000E+02  -0.16362332E+01
   0.17340000E+02  -0.16416271E+01
   0.17350000E+02  -0.16470181E+01
   0.17360000E+02  -0.16524210E+01
   0.17370000E+02  -0.16578311E+01
   0.17380000E+02  -0.16632381E+01
   0.17390000E+02  -0.16686621E+01
   0.17400000E+02  -0.16740882E+01
   0.17410000E+02  -0.16795162E+01
   0.17420000E+02  -0.16849562E+01
   0.17430000E+02  -0.16903982E+01
   0.17440000E+02  -0.16958421E+01
   0.17450000E+02  -0.17012979E+01
   0.17460000E+02  -0.17067657E+01
   0.17470000E+02  -0.17122305E+01
   0.17480000E+02  -0.17176971E+01
   0.17490000E+02  -0.17231806E+01
   0.17500000E+02  -0.17286661E+01
   0.17510000E+02  -0.17341534E+01
   0.17520000E+02  -0.17396476E+01
   0.17530000E+02  -0.17451536E+01
   0.17540000E+02  -0.17506616E+01
   0.17550000E+02  -0.17561713E+01
   0.17560000E+02  -0.17616929E+01
   0.17570000E+02  -0.17672163E+01
   0.17580000E+02  -0.17727465E+01
   0.17590000E+02  -0.17782835E+01
   0.17600000E+02  -0.17838223E+01
   0.17610000E+02  -0.17893678E+01
   0.17620000E+02  -0.17949301E+01
   0.17630000E+02  -0.18004893E+01
   0.17640000E+02  -0.18060451E+01
   0.17650000E+02  -0.18116176E+01
   0.17660000E+02  -0.18171969E+01
   0.17670000E+02  -0.18227779E+01
   0.17680000E+02  -0.18283606E+01
   0.17690000E+02  -0.18339499E+01
   0.17700000E+02  -0.18395509E+01
   0.17710000E+02  -0.18451586E+01
   0.17720000E+02  -0.18507680E+01
   0.17730000E+02  -0.18563740E+01
   0.17740000E+02  -0.18619915E+01
   0.17750000E+02  -0.18676257E+01
   0.17760000E+02  -0.18732566E+01
   0.17770000E+02  -0.18788890E+01
   0.17780000E+02  -0.18845280E+01
   0.17790000E+02  -0.18901735E+01
   0.17800000E+02  -0.18958306E+01
   0.17810000E+02  -0.19014843E+01
   0.17820000E+02  -0.19071394E+01
   0.17830000E+02  -0.19128110E+01
   0.17840000E+02  -0.19184892E+01
   0.17850000E+02  -0.19241639E+01
   0.17860000E+02  -0.19298450E+01
   0.17870000E+02  -0.19355326E+01
   0.17880000E+02  -0.19412266E+01
   0.17890000E+02  -0.19469271E+01
   0.17900000E+02  -0.19526290E+01
   0.17910000E+02  -0.19583323E+01
   0.17920000E+02  -0.19640469E+01
   0.17930000E+02  -0.19697730E+01
   0.17940000E+02  -0.19754955E+01
   0.17950000E+02  -0.19812143E+01
   0.17960000E+02  -0.19869443E+01
   0.17970000E+02  -0.19926957E+01
   0.17980000E+02  -0.19984386E+01
   0.17990000E+02  -0.20041726E+01
   0.18000000E+02  -0.20099228E+01
   0.18010000E+02  -0.20156893E+01
   0.18020000E+02  -0.20214572E+01
   0.18030000E+02  -0.20272113E+01
   0.18040000E+02  -0.20329764E+01
   0.18050000E+02  -0.20387628E+01
   0.18060000E+02  -0.20445505E+01
   0.18070000E+02  -0.20503294E+01
   0.18080000E+02  -0.20561093E+01
   0.18090000E+02  -0.20619053E+01
   0.18100000E+02  -0.20677125E+01
   0.18110000E+02  -0.20735109E+01
   0.18120000E+02  -0.20793102E+01
   0.18130000E+02  -0.20851256E+01
   0.18140000E+02  -0.20909471E+01
   0.18150000E+02  -0.20967697E+01
   0.18160000E+02  -0.21025833E+01
   0.18170000E+02  -0.21084077E+01
   0.18180000E+02  -0.21142482E+01
   0.18190000E+02  -0.21200897E+01
   0.18200000E+02  -0.21259272E+01
   0.18210000E+02  -0.21317655E+01
   0.18220000E+02  -0.21376197E+01
   0.18230000E+02  -0.21434799E+01
   0.18240000E+02  -0.21493310E+01
   0.18250000E+02  -0.21551828E+01
   0.18260000E+02  -0.21610504E+01
   0.18270000E+02  -0.21669339E+01
   0.18280000E+02  -0.21728084E+01
   0.18290000E+02  -0.21786685E+01
   0.18300000E+02  -0.21845442E+01
   0.18310000E+02  -0.21904457E+01
   0.18320000E+02  -0.21963432E+01
   0.18330000E+02  -0.22022163E+01
   0.18340000E+02  -0.22080998E+01
   0.18350000E+02  -0.22140140E+01
   0.18360000E+02  -0.22199341E+01
   0.18370000E+02  -0.22258249E+01
   0.18380000E+02  -0.22317159E+01
   0.18390000E+02  -0.22376425E+01
   0.18400000E+02  -0.22435749E+01
   0.18410000E+02  -0.22494929E+01
   0.18420000E+02  -0.22553963E+01
   0.18430000E+02  -0.22613199E+01
   0.18440000E+02  -0.22672742E+01
   0.18450000E+02  -0.22732092E+01
   0.18460000E+02  -0.22791244E+01
   0.18470000E+02  -0.22850598E+01
   0.18480000E+02  -0.22910207E+01
   0.18490000E+02  -0.22969772E+01
   0.18500000E+02  -0.23029140E+01
   0.18510000E+02  -0.23088509E+01
   0.18520000E+02  -0.23148130E+01
   0.18530000E+02  -0.23207906E+01
   0.18540000E+02  -0.23267486E+01
   0.18550000E+02  -0.23326916E+01
   0.18560000E+02  -0.23386596E+01
   0.18570000E+02  -0.23446530E+01
   0.18580000E+02  -0.23506268E+01
   0.18590000E+02  -0.23565805E+01
   0.18600000E+02  -0.23625541E+01
   0.18610000E+02  -0.23685579E+01
   0.18620000E+02  -0.23745521E+01
   0.18630000E+02  -0.23805162E+01
   0.18640000E+02  -0.23864900E+01
   0.18650000E+02  -0.23924988E+01
   0.18660000E+02  -0.23985229E+01
   0.18670000E+02  -0.24045072E+01
   0.18680000E+02  -0.24104709E+01
   0.18690000E+02  -0.24164793E+01
   0.18700000E+02  -0.24225229E+01
   0.18710000E+02  -0.24285318E+01
   0.18720000E+02  -0.24345001E+01
   0.18730000E+02  -0.24405028E+01
   0.18740000E+02  -0.24465555E+01
   0.18750000E+02  -0.24525885E+01
   0.18760000E+02  -0.24585760E+01
   0.18770000E+02  -0.24645728E+01
   0.18780000E+02  -0.24706192E+01
   0.18790000E+02  -0.24766808E+01
   0.18800000E+02  -0.24826872E+01
   0.18810000E+02  -0.24886776E+01
   0.18820000E+02  -0.24947224E+01
   0.18830000E+02  -0.25008022E+01
   0.18840000E+02  -0.25068320E+01
   0.18850000E+02  -0.25128257E+01
   0.18860000E+02  -0.25188636E+01
   0.18870000E+02  -0.25249462E+01
   0.18880000E+02  -0.25310088E+01
   0.18890000E+02  -0.25370106E+01
   0.18900000E+02  -0.25430311E+01
   0.18910000E+02  -0.25491211E+01
   0.18920000E+02  -0.25552111E+01
   0.18930000E+02  -0.25612305E+01
   0.18940000E+02  -0.25672384E+01
   0.18950000E+02  -0.25733204E+01
   0.18960000E+02  -0.25794373E+01
   0.18970000E+02  -0.25854839E+01
   0.18980000E+02  -0.25914889E+01
   0.18990000E+02  -0.25975527E+01
   0.19000000E+02  -0.26036760E+01
   0.19010000E+02  -0.26097592E+01
   0.19020000E+02  -0.26157660E+01
   0.19030000E+02  -0.26218111E+01
   0.19040000E+02  -0.26279405E+01
   0.19050000E+02  -0.26340548E+01
   0.19060000E+02  -0.26400830E+01
   0.19070000E+02  -0.26461093E+01
   0.19080000E+02  -0.26522244E+01
   0.19090000E+02  -0.26583693E+01
   0.19100000E+02  -0.26644235E+01
   0.19110000E+02  -0.26704356E+01
   0.19120000E+02  -0.26765311E+01
   0.19130000E+02  -0.26826961E+01
   0.19140000E+02  -0.26887908E+01
   0.19150000E+02  -0.26947985E+01
   0.19160000E+02  -0.27008641E+01
   0.19170000E+02  -0.27070338E+01
   0.19180000E+02  -0.27131734E+01
   0.19190000E+02  -0.27191914E+01
   0.19200000E+02  -0.27252268E+01
   0.19210000E+02  -0.27313909E+01
   0.19220000E+02  -0.27375649E+01
   0.19230000E+02  -0.27436127E+01
   0.19240000E+02  -0.27496278E+01
   0.19250000E+02  -0.27557560E+01
   0.19260000E+02  -0.27619637E+01
   0.19270000E+02  -0.27680610E+01
   0.19280000E+02  -0.27740605E+01
   0.19290000E+02  -0.27801476E+01
   0.19300000E+02  -0.27863636E+01
   0.19310000E+02  -0.27925247E+01
   0.19320000E+02  -0.27985235E+01
   0.19330000E+02  -0.28045691E+01
   0.19340000E+02  -0.28107833E+01
   0.19350000E+02  -0.28169876E+01
   0.19360000E+02  -0.28230152E+01
   0.19370000E+02  -0.28290293E+01
   0.19380000E+02  -0.28352064E+01
   0.19390000E+02  -0.28414482E+01
   0.19400000E+02  -0.28475342E+01
   0.19410000E+02  -0.28535217E+01
   0.19420000E+02  -0.28596414E+01
   0.19430000E+02  -0.28659152E+01
   0.19440000E+02  -0.28720742E+01
   0.19450000E+02  -0.28780449E+01
   0.19460000E+02  -0.28841070E+01
   0.19470000E+02  -0.28903776E+01
   0.19480000E+02  -0.28966087E+01
   0.19490000E+02  -0.29026074E+01
   0.19500000E+02  -0.29086169E+01
   0.19510000E+02  -0.29148392E+01
   0.19520000E+02  -0.29211315E+01
   0.19530000E+02  -0.29272029E+01
   0.19540000E+02  -0.29331598E+01
   0.19550000E+02  -0.29393185E+01
   0.19560000E+02  -0.29456467E+01
   0.19570000E+02  -0.29518050E+01
   0.19580000E+02  -0.29577443E+01
   0.19590000E+02  -0.29638193E+01
   0.19600000E+02  -0.29701580E+01
   0.19610000E+02  -0.29764126E+01
   0.19620000E+02  -0.29823641E+01
   0.19630000E+02  -0.29883604E+01
   0.19640000E+02  -0.29946595E+01
   0.19650000E+02  -0.30009994E+01
   0.19660000E+02  -0.30070228E+01
   0.19670000E+02  -0.30129556E+01
   0.19680000E+02  -0.30191651E+01
   0.19690000E+02  -0.30255645E+01
   0.19700000E+02  -0.30317043E+01
   0.19710000E+02  -0.30375887E+01
   0.19720000E+02  -0.30436934E+01
   0.19730000E+02  -0.30501121E+01
   0.19740000E+02  -0.30563773E+01
   0.19750000E+02  -0.30622683E+01
   0.19760000E+02  -0.30682633E+01
   0.19770000E+02  -0.30746512E+01
   0.19780000E+02  -0.30810359E+01
   0.19790000E+02  -0.30869933E+01
   0.19800000E+02  -0.30928889E+01
   0.19810000E+02  -0.30991760E+01
   0.19820000E+02  -0.31056541E+01
   0.19830000E+02  -0.31117474E+01
   0.19840000E+02  -0.31175739E+01
   0.19850000E+02  -0.31237203E+01
   0.19860000E+02  -0.31302363E+01
   0.19870000E+02  -0.31364995E+01
   0.19880000E+02  -0.31423071E+01
   0.19890000E+02  -0.31483028E+01
   0.19900000E+02  -0.31548017E+01
   0.19910000E+02  -0.31612337E+01
   0.19920000E+02  -0.31670974E+01
   0.19930000E+02  -0.31729528E+01
   0.19940000E+02  -0.31793448E+01
   0.19950000E+02  -0.31859142E+01
   0.19960000E+02  -0.31919286E+01
   0.19970000E+02  -0.31976742E+01
   0.19980000E+02  -0.32038945E+01
   0.19990000E+02  -0.32105355E+01
   0.20000000E+02  -0.32167695E+01
   0.20010000E+02  -0.32224609E+01
   0.20020000E+02  -0.32284745E+01
   0.20030000E+02  -0.32351220E+01
   0.20040000E+02  -0.32415843E+01
   0.20050000E+02  -0.32473166E+01
   0.20060000E+02  -0.32531391E+01
   0.20070000E+02  -0.32596735E+01
   0.20080000E+02  -0.32663373E+01
   0.20090000E+02  -0.32722304E+01
   0.20100000E+02  -0.32778824E+01
   0.20110000E+02  -0.32842140E+01
   0.20120000E+02  -0.32910031E+01
   0.20130000E+02  -0.32971658E+01
   0.20140000E+02  -0.33027233E+01
   0.20150000E+02  -0.33087874E+01
   0.20160000E+02  -0.33156065E+01
   0.20170000E+02  -0.33220822E+01
   0.20180000E+02  -0.33276408E+01
   0.20190000E+02  -0.33334327E+01
   0.20200000E+02  -0.33401623E+01
   0.20210000E+02  -0.33469189E+01
   0.20220000E+02  -0.33526435E+01
   0.20230000E+02  -0.33581994E+01
   0.20240000E+02  -0.33646851E+01
   0.20250000E+02  -0.33716407E+01
   0.20260000E+02  -0.33776903E+01
   0.20270000E+02  -0.33830765E+01
   0.20280000E+02  -0.33892186E+01
   0.20290000E+02  -0.33962675E+01
   0.20300000E+02  -0.34027203E+01
   0.20310000E+02  -0.34080577E+01
   0.20320000E+02  -0.34138368E+01
   0.20330000E+02  -0.34208145E+01
   0.20340000E+02  -0.34276628E+01
   0.20350000E+02  -0.34331468E+01
   0.20360000E+02  -0.34385941E+01
   0.20370000E+02  -0.34453116E+01
   0.20380000E+02  -0.34524628E+01
   0.20390000E+02  -0.34583126E+01
   0.20400000E+02  -0.34634999E+01
   0.20410000E+02  -0.34697878E+01
   0.20420000E+02  -0.34771103E+01
   0.20430000E+02  -0.34834839E+01
   0.20440000E+02  -0.34885478E+01
   0.20450000E+02  -0.34943518E+01
   0.20460000E+02  -0.35016461E+01
   0.20470000E+02  -0.35085602E+01
   0.20480000E+02  -0.35137266E+01
   0.20490000E+02  -0.35190729E+01
   0.20500000E+02  -0.35261004E+01
   0.20510000E+02  -0.35334614E+01
   0.20520000E+02  -0.35390249E+01
   0.20530000E+02  -0.35439808E+01
   0.20540000E+02  -0.35505074E+01
   0.20550000E+02  -0.35581529E+01
   0.20560000E+02  -0.35643562E+01
   0.20570000E+02  -0.35690842E+01
   0.20580000E+02  -0.35749708E+01
   0.20590000E+02  -0.35826755E+01
   0.20600000E+02  -0.35896100E+01
   0.20610000E+02  -0.35943567E+01
   0.20620000E+02  -0.35996146E+01
   0.20630000E+02  -0.36070703E+01
   0.20640000E+02  -0.36146511E+01
   0.20650000E+02  -0.36197967E+01
   0.20660000E+02  -0.36245036E+01
   0.20670000E+02  -0.36313820E+01
   0.20680000E+02  -0.36394052E+01
   0.20690000E+02  -0.36453224E+01
   0.20700000E+02  -0.36496519E+01
   0.20710000E+02  -0.36557091E+01
   0.20720000E+02  -0.36639084E+01
   0.20730000E+02  -0.36707880E+01
   0.20740000E+02  -0.36750177E+01
   0.20750000E+02  -0.36802300E+01
   0.20760000E+02  -0.36882425E+01
   0.20770000E+02  -0.36960185E+01
   0.20780000E+02  -0.37005993E+01
   0.20790000E+02  -0.37050547E+01
   0.20800000E+02  -0.37124330E+01
   0.20810000E+02  -0.37208844E+01
   0.20820000E+02  -0.37263596E+01
   0.20830000E+02  -0.37302180E+01
   0.20840000E+02  -0.37365785E+01
   0.20850000E+02  -0.37453875E+01
   0.20860000E+02  -0.37520772E+01
   0.20870000E+02  -0.37556723E+01
   0.20880000E+02  -0.37609217E+01
   0.20890000E+02  -0.37696451E+01
   0.20900000E+02  -0.37775621E+01
   0.20910000E+02  -0.37814011E+01
   0.20920000E+02  -0.37856223E+01
   0.20930000E+02  -0.37936989E+01
   0.20940000E+02  -0.38025998E+01
   0.20950000E+02  -0.38074018E+01
   0.20960000E+02  -0.38107508E+01
   0.20970000E+02  -0.38176227E+01
   0.20980000E+02  -0.38271423E+01
   0.20990000E+02  -0.38334472E+01
   0.21000000E+02  -0.38362847E+01
   0.21010000E+02  -0.38416989E+01
   0.21020000E+02  -0.38513028E+01
   0.21030000E+02  -0.38592619E+01
   0.21040000E+02  -0.38621817E+01
   0.21050000E+02  -0.38661963E+01
   0.21060000E+02  -0.38751894E+01
   0.21070000E+02  -0.38845618E+01
   0.21080000E+02  -0.38884292E+01
   0.21090000E+02  -0.38912356E+01
   0.21100000E+02  -0.38988619E+01
   0.21110000E+02  -0.39091938E+01
   0.21120000E+02  -0.39148639E+01
   0.21130000E+02  -0.39168255E+01
   0.21140000E+02  -0.39225922E+01
   0.21150000E+02  -0.39332671E+01
   0.21160000E+02  -0.39410848E+01
   0.21170000E+02  -0.39428722E+01
   0.21180000E+02  -0.39467825E+01
   0.21190000E+02  -0.39569710E+01
   0.21200000E+02  -0.39667678E+01
   0.21210000E+02  -0.39693785E+01
   0.21220000E+02  -0.39716438E+01
   0.21230000E+02  -0.39803475E+01
   0.21240000E+02  -0.39915797E+01
   0.21250000E+02  -0.39962647E+01
   0.21260000E+02  -0.39972364E+01
   0.21270000E+02  -0.40036431E+01
   0.21280000E+02  -0.40155908E+01
   0.21290000E+02  -0.40230036E+01
   0.21300000E+02  -0.40234351E+01
   0.21310000E+02  -0.40273932E+01
   0.21320000E+02  -0.40390817E+01
   0.21330000E+02  -0.40491911E+01
   0.21340000E+02  -0.40502024E+01
   0.21350000E+02  -0.40519630E+01
   0.21360000E+02  -0.40621422E+01
   0.21370000E+02  -0.40743191E+01
   0.21380000E+02  -0.40775579E+01
   0.21390000E+02  -0.40774699E+01
   0.21400000E+02  -0.40849242E+01
   0.21410000E+02  -0.40983431E+01
   0.21420000E+02  -0.41049525E+01
   0.21430000E+02  -0.41037985E+01
   0.21440000E+02  -0.41080764E+01
   0.21450000E+02  -0.41215958E+01
   0.21460000E+02  -0.41317814E+01
   0.21470000E+02  -0.41308494E+01
   0.21480000E+02  -0.41321971E+01
   0.21490000E+02  -0.41442898E+01
   0.21500000E+02  -0.41574220E+01
   0.21510000E+02  -0.41586677E+01
   0.21520000E+02  -0.41574997E+01
   0.21530000E+02  -0.41665144E+01
   0.21540000E+02  -0.41815645E+01
   0.21550000E+02  -0.41868364E+01
   0.21560000E+02  -0.41839162E+01
   0.21570000E+02  -0.41889113E+01
   0.21580000E+02  -0.42045839E+01
   0.21590000E+02  -0.42144695E+01
   0.21600000E+02  -0.42112389E+01
   0.21610000E+02  -0.42123705E+01
   0.21620000E+02  -0.42268804E+01
   0.21630000E+02  -0.42408648E+01
   0.21640000E+02  -0.42394939E+01
   0.21650000E+02  -0.42372904E+01
   0.21660000E+02  -0.42485130E+01
   0.21670000E+02  -0.42653218E+01
   0.21680000E+02  -0.42685511E+01
   0.21690000E+02  -0.42637031E+01
   0.21700000E+02  -0.42699772E+01
   0.21710000E+02  -0.42881527E+01
   0.21720000E+02  -0.42971920E+01
   0.21730000E+02  -0.42912765E+01
   0.21740000E+02  -0.42925231E+01
   0.21750000E+02  -0.43100006E+01
   0.21760000E+02  -0.43245793E+01
   0.21770000E+02  -0.43199819E+01
   0.21780000E+02  -0.43168479E+01
   0.21790000E+02  -0.43310007E+01
   0.21800000E+02  -0.43496277E+01
   0.21810000E+02  -0.43499277E+01
   0.21820000E+02  -0.43430987E+01
   0.21830000E+02  -0.43514342E+01
   0.21840000E+02  -0.43723951E+01
   0.21850000E+02  -0.43798160E+01
   0.21860000E+02  -0.43709026E+01
   0.21870000E+02  -0.43727660E+01
   0.21880000E+02  -0.43937432E+01
   0.21890000E+02  -0.44084436E+01
   0.21900000E+02  -0.44000572E+01
   0.21910000E+02  -0.43962040E+01
   0.21920000E+02  -0.44140738E+01
   0.21930000E+02  -0.44344811E+01
   0.21940000E+02  -0.44308026E+01
   0.21950000E+02  -0.44220488E+01
   0.21960000E+02  -0.44334278E+01
   0.21970000E+02  -0.44574100E+01
   0.21980000E+02  -0.44621841E+01
   0.21990000E+02  -0.44500231E+01
   0.22000000E+02  -0.44532551E+01
   0.22010000E+02  -0.44782324E+01
   0.22020000E+02  -0.44923162E+01
   0.22030000E+02  -0.44796263E+01
   0.22040000E+02  -0.44754205E+01
   0.22050000E+02  -0.44978402E+01
   0.22060000E+02  -0.45198011E+01
   0.22070000E+02  -0.45110472E+01
   0.22080000E+02  -0.45005601E+01
   0.22090000E+02  -0.45161447E+01
   0.22100000E+02  -0.45432430E+01
   0.22110000E+02  -0.45440690E+01
   0.22120000E+02  -0.45285642E+01
   0.22130000E+02  -0.45341818E+01
   0.22140000E+02  -0.45636134E+01
   0.22150000E+02  -0.45760465E+01
   0.22160000E+02  -0.45585565E+01
   0.22170000E+02  -0.45546143E+01
   0.22180000E+02  -0.45824297E+01
   0.22190000E+02  -0.46054123E+01
   0.22200000E+02  -0.45905979E+01
   0.22210000E+02  -0.45786661E+01
   0.22220000E+02  -0.45996921E+01
   0.22230000E+02  -0.46299199E+01
   0.22240000E+02  -0.46252035E+01
   0.22250000E+02  -0.46064115E+01
   0.22260000E+02  -0.46158118E+01
   0.22270000E+02  -0.46500473E+01
   0.22280000E+02  -0.46594185E+01
   0.22290000E+02  -0.46367847E+01
   0.22300000E+02  -0.46339883E+01
   0.22310000E+02  -0.46679384E+01
   0.22320000E+02  -0.46910596E+01
   0.22330000E+02  -0.46694408E+01
   0.22340000E+02  -0.46564716E+01
   0.22350000E+02  -0.46841733E+01
   0.22360000E+02  -0.47173527E+01
   0.22370000E+02  -0.47052792E+01
   0.22380000E+02  -0.46835460E+01
   0.22390000E+02  -0.46984465E+01
   0.22400000E+02  -0.47376513E+01
   0.22410000E+02  -0.47421560E+01
   0.22420000E+02  -0.47142577E+01
   0.22430000E+02  -0.47138654E+01
   0.22440000E+02  -0.47545097E+01
   0.22450000E+02  -0.47764138E+01
   0.22460000E+02  -0.47475078E+01
   0.22470000E+02  -0.47341312E+01
   0.22480000E+02  -0.47696684E+01
   0.22490000E+02  -0.48053727E+01
   0.22500000E+02  -0.47841529E+01
   0.22510000E+02  -0.47600113E+01
   0.22520000E+02  -0.47823387E+01
   0.22530000E+02  -0.48264642E+01
   0.22540000E+02  -0.48238976E+01
   0.22550000E+02  -0.47908722E+01
   0.22560000E+02  -0.47946023E+01
   0.22570000E+02  -0.48423476E+01
   0.22580000E+02  -0.48612257E+01
   0.22590000E+02  -0.48246630E+01
   0.22600000E+02  -0.48118481E+01
   0.22610000E+02  -0.48563107E+01
   0.22620000E+02  -0.48936008E+01
   0.22630000E+02  -0.48618504E+01
   0.22640000E+02  -0.48359240E+01
   0.22650000E+02  -0.48676166E+01
   0.22660000E+02  -0.49164703E+01
   0.22670000E+02  -0.49042012E+01
   0.22680000E+02  -0.48664838E+01
   0.22690000E+02  -0.48765942E+01
   0.22700000E+02  -0.49317158E+01
   0.22710000E+02  -0.49452458E+01
   0.22720000E+02  -0.49008352E+01
   0.22730000E+02  -0.48899465E+01
   0.22740000E+02  -0.49441706E+01
   0.22750000E+02  -0.49815176E+01
   0.22760000E+02  -0.49385768E+01
   0.22770000E+02  -0.49115090E+01
   0.22780000E+02  -0.49542548E+01
   0.22790000E+02  -0.50074691E+01
   0.22800000E+02  -0.49825474E+01
   0.22810000E+02  -0.49410668E+01
   0.22820000E+02  -0.49603814E+01
   0.22830000E+02  -0.50227546E+01
   0.22840000E+02  -0.50280072E+01
   0.22850000E+02  -0.49760905E+01
   0.22860000E+02  -0.49690560E+01
   0.22870000E+02  -0.50333419E+01
   0.22880000E+02  -0.50684845E+01
   0.22890000E+02  -0.50144332E+01
   0.22900000E+02  -0.49870499E+01
   0.22910000E+02  -0.50421851E+01
   0.22920000E+02  -0.50991179E+01
   0.22930000E+02  -0.50588112E+01
   0.22940000E+02  -0.50147912E+01
   0.22950000E+02  -0.50463274E+01
   0.22960000E+02  -0.51154714E+01
   0.22970000E+02  -0.51090185E+01
   0.22980000E+02  -0.50503216E+01
   0.22990000E+02  -0.50497332E+01
   0.23000000E+02  -0.51240986E+01
   0.23010000E+02  -0.51541385E+01
   0.23020000E+02  -0.50892464E+01
   0.23030000E+02  -0.50628653E+01
   0.23040000E+02  -0.51314908E+01
   0.23050000E+02  -0.51907069E+01
   0.23060000E+02  -0.51333468E+01
   0.23070000E+02  -0.50878445E+01
   0.23080000E+02  -0.51344051E+01
   0.23090000E+02  -0.52098333E+01
   0.23100000E+02  -0.51876219E+01
   0.23110000E+02  -0.51232576E+01
   0.23120000E+02  -0.51325351E+01
   0.23130000E+02  -0.52169362E+01
   0.23140000E+02  -0.52383715E+01
   0.23150000E+02  -0.51629048E+01
   0.23160000E+02  -0.51393699E+01
   0.23170000E+02  -0.52221337E+01
   0.23180000E+02  -0.52812699E+01
   0.23190000E+02  -0.52068918E+01
   0.23200000E+02  -0.51606455E+01
   0.23210000E+02  -0.52242803E+01
   0.23220000E+02  -0.53054325E+01
   0.23230000E+02  -0.52629100E+01
   0.23240000E+02  -0.51947428E+01
   0.23250000E+02  -0.52183515E+01
   0.23260000E+02  -0.53121271E+01
   0.23270000E+02  -0.53205437E+01
   0.23280000E+02  -0.52357382E+01
   0.23290000E+02  -0.52176457E+01
   0.23300000E+02  -0.53140803E+01
   0.23310000E+02  -0.53696530E+01
   0.23320000E+02  -0.52799697E+01
   0.23330000E+02  -0.52336610E+01
   0.23340000E+02  -0.53154157E+01
   0.23350000E+02  -0.54017151E+01
   0.23360000E+02  -0.53348295E+01
   0.23370000E+02  -0.52651725E+01
   0.23380000E+02  -0.53076871E+01
   0.23390000E+02  -0.54095768E+01
   0.23400000E+02  -0.54000228E+01
   0.23410000E+02  -0.53075946E+01
   0.23420000E+02  -0.52986475E+01
   0.23430000E+02  -0.54077279E+01
   0.23440000E+02  -0.54553487E+01
   0.23450000E+02  -0.53523177E+01
   0.23460000E+02  -0.53073432E+01
   0.23470000E+02  -0.54078077E+01
   0.23480000E+02  -0.54974180E+01
   0.23490000E+02  -0.54043967E+01
   0.23500000E+02  -0.53348492E+01
   0.23510000E+02  -0.54001740E+01
   0.23520000E+02  -0.55092706E+01
   0.23530000E+02  -0.54759605E+01
   0.23540000E+02  -0.53779075E+01
   0.23550000E+02  -0.53828909E+01
   0.23560000E+02  -0.55040607E+01
   0.23570000E+02  -0.55389523E+01
   0.23580000E+02  -0.54234519E+01
   0.23590000E+02  -0.53819775E+01
   0.23600000E+02  -0.55013233E+01
   0.23610000E+02  -0.55908386E+01
   0.23620000E+02  -0.54735298E+01
   0.23630000E+02  -0.54045190E+01
   0.23640000E+02  -0.54947648E+01
   0.23650000E+02  -0.56104887E+01
   0.23660000E+02  -0.55465649E+01
   0.23670000E+02  -0.54460266E+01
   0.23680000E+02  -0.54719466E+01
   0.23690000E+02  -0.56038104E+01
   0.23700000E+02  -0.56196841E+01
   0.23710000E+02  -0.54942087E+01
   0.23720000E+02  -0.54593912E+01
   0.23730000E+02  -0.55955904E+01
   0.23740000E+02  -0.56799913E+01
   0.23750000E+02  -0.55436971E+01
   0.23760000E+02  -0.54748360E+01
   0.23770000E+02  -0.55898354E+01
   0.23780000E+02  -0.57123978E+01
   0.23790000E+02  -0.56118154E+01
   0.23800000E+02  -0.55128686E+01
   0.23810000E+02  -0.55665625E+01
   0.23820000E+02  -0.57065387E+01
   0.23830000E+02  -0.56967831E+01
   0.23840000E+02  -0.55644848E+01
   0.23850000E+02  -0.55413364E+01
   0.23860000E+02  -0.56912160E+01
   0.23870000E+02  -0.57640298E+01
   0.23880000E+02  -0.56143187E+01
   0.23890000E+02  -0.55465521E+01
   0.23900000E+02  -0.56853112E+01
   0.23910000E+02  -0.58129478E+01
   0.23920000E+02  -0.56739667E+01
   0.23930000E+02  -0.55788738E+01
   0.23940000E+02  -0.56657315E+01
   0.23950000E+02  -0.58123309E+01
   0.23960000E+02  -0.57692837E+01
   0.23970000E+02  -0.56330163E+01
   0.23980000E+02  -0.56278174E+01
   0.23990000E+02  -0.57902069E+01
