3.603657171145455140e-03 -1.832386348162428624e-01 1.952917331582904481e+01
4.997606403657563895e-02 -2.141617769928628179e-01 1.948322365063225803e+01
3.500482801743867028e-02 -1.949229404379964614e-01 1.968941202222786657e+01
5.765099920597345495e-02 -1.821918826815202008e-01 1.962978139661287358e+01
5.174004542566602860e-02 -1.965593015088672180e-01 1.921085029192149207e+01
3.780492225648497684e-02 -2.049430262959480165e-01 1.948924586316201157e+01
1.861829557111811459e-02 -2.001011042798805095e-01 1.956854572380112245e+01
8.304049150500699555e-03 -1.547454265327572742e-01 1.986414611145121256e+01
4.487173435618022066e-02 -1.828164771993099347e-01 1.989155677753137752e+01
4.006813259174902414e-02 -2.154270023249682531e-01 1.973509251630294514e+01
3.138693916609888723e-02 -1.756863193685724578e-01 1.975503950743786774e+01
5.229395217772828813e-02 -1.915857524762488995e-01 1.992332928998621000e+01
4.588175462109401331e-02 -1.648964232986376288e-01 1.959368657302228911e+01
6.205915409794746096e-03 -1.657016137374264786e-01 1.980533238618797753e+01
4.860043770825808046e-02 -1.518414244982358163e-01 1.952314790250846599e+01
2.239758219677950163e-02 -1.691778517418855987e-01 1.970763784433910715e+01
5.133608056553492366e-02 -1.915569727779258269e-01 1.986228267025242289e+01
5.612067039492338316e-03 -1.818339102641957084e-01 1.952864088598418135e+01
6.562150623413122441e-03 -1.848687880205345246e-01 1.964773328195073887e+01
3.858026576471542540e-02 -1.876109639745063840e-01 1.958041394152476400e+01
5.077673337742406867e-02 -1.625592793316350260e-01 1.969257566515864966e+01
1.570687832840684389e-02 -2.087650382690325879e-01 1.974917918186634935e+01
5.784240114446932007e-02 -1.968312406793990277e-01 1.932583280909819123e+01
3.801239111108400265e-02 -1.843699183554294296e-01 1.941130951777030234e+01
3.446719053678266864e-02 -1.966870133969216838e-01 1.976557451993488712e+01
4.518285462867997065e-02 -1.635633640276151213e-01 1.977927991249403306e+01
6.357696107825608345e-02 -2.107513247538464474e-01 1.950907537168127703e+01
-3.258557530575550976e-03 -1.601726175555749920e-01 1.962458923138946076e+01
1.609746063426801058e-02 -1.675289753815766003e-01 1.967508756457591090e+01
6.191796704036103827e-02 -1.746489488341476104e-01 1.972669217801085040e+01
3.193568381301836734e-02 -1.734113638952572978e-01 1.942327128759403720e+01
3.978463668578532952e-02 -1.699713074121022294e-01 1.958373088017667030e+01
3.123888449624334998e-02 -2.327559511653458368e-01 1.931452435863064210e+01
3.663607794798569295e-02 -2.047738195000639305e-01 1.952956818304306807e+01
2.478454756413606824e-02 -1.776523770044882156e-01 1.947161180598090269e+01
8.067562458406805914e-03 -1.679309439119389402e-01 1.987818740011788421e+01
3.517324701723341385e-02 -1.548008083405430502e-01 1.981228533709456130e+01
8.913356093221653370e-03 -1.737989965972661366e-01 1.970044575173472978e+01
2.480891062434549543e-02 -1.669787957966625547e-01 1.959431224018408813e+01
1.839257199096001882e-02 -1.595010378846885568e-01 1.964303133910522448e+01
3.927800345274063548e-02 -2.007593392936503351e-01 1.968463903627726808e+01
7.047930896359888564e-02 -1.845970518607983057e-01 1.964114901898216203e+01
6.629996424670214772e-02 -2.005199461614207701e-01 1.959823251028855040e+01
7.611433379108126229e-02 -1.435296751628598044e-01 1.976725231550901185e+01
7.122163918441166974e-02 -1.993606454042428089e-01 1.952015206952824045e+01
2.500251879932671728e-02 -1.721449198944088876e-01 1.953574481153616915e+01
5.163816440128038421e-02 -1.614986373700887656e-01 1.945674305919094138e+01
4.623509173722580717e-02 -1.808339811196251756e-01 1.964943789858860512e+01
5.951064317969538553e-02 -1.810049856783830513e-01 1.938111753695902451e+01
-1.583205779968559213e-02 -1.688522018789859469e-01 1.991313351399198694e+01
4.924975425206964963e-02 -1.782080619176764080e-01 1.966364599713513428e+01
2.006028060715918382e-02 -1.374149116603007870e-01 1.956911332291006289e+01
3.709724486617214240e-02 -1.710327080470518957e-01 1.963932016201744091e+01
5.572783589641833873e-02 -1.536053384505753350e-01 1.949917627467561232e+01
1.737677456770493276e-02 -2.094158194959815367e-01 1.953352637062566188e+01
4.460375342468763521e-02 -1.712089580281756229e-01 1.936958092872441384e+01
2.839337090692708315e-02 -1.812711743134811093e-01 1.956275282206531685e+01
3.726740715380901653e-02 -1.426692614256342417e-01 1.949695170356004326e+01
5.435157083701359915e-02 -2.081093617924204275e-01 1.922030218731122275e+01
3.278667340121856066e-02 -1.587421321806352370e-01 1.980956565780208933e+01
1.033600082637267659e-02 -1.740101370389804669e-01 1.965107389278084327e+01
5.997716642575951634e-02 -1.951948963957687300e-01 1.936823541266066684e+01
1.108435743962248032e-02 -1.813305804839051572e-01 1.959075475426249469e+01
6.415147061599023315e-02 -2.017039789849063014e-01 1.972178328699412120e+01
5.412880280631412327e-02 -1.595906003366616699e-01 1.959516345779774582e+01
4.349869685284987048e-02 -1.840312330304725297e-01 1.961064404029577446e+01
2.560065632879073710e-02 -1.585421646229837611e-01 1.946385911781692712e+01
4.851259432069276317e-02 -1.784898330420302270e-01 1.965831601911028415e+01
5.534566180933479101e-02 -1.772484838453028122e-01 1.979951232462687472e+01
3.415925162669551651e-02 -1.710233942281757791e-01 1.952820571043287501e+01
3.505086949394688872e-02 -1.750452298014379959e-01 1.948385600743713297e+01
1.717415065954779746e-02 -1.218240197042958078e-01 1.974674824870935907e+01
5.649833748662121125e-02 -1.690687893005231035e-01 1.979762847539644710e+01
6.780542641990144892e-02 -1.647396191099916585e-01 1.956174675641548077e+01
4.182835766252882698e-02 -1.679336248399511677e-01 1.952986831608255969e+01
3.954663754632920664e-02 -2.026564934613490077e-01 1.979202619660896900e+01
6.098521691329274186e-02 -1.821734828871856282e-01 1.927334004145633628e+01
2.673018086266834570e-02 -1.894308670255466787e-01 1.957879752468281609e+01
5.680531212795965346e-02 -1.597569712390553842e-01 1.937770453922729885e+01
5.690329245059343177e-02 -1.424789422600388489e-01 1.933285744495792002e+01
3.267746745507482675e-02 -1.692443726380316038e-01 1.961018941844901065e+01
4.271348927986075988e-02 -1.934239070009554640e-01 1.951683059771989193e+01
4.623042954128643578e-02 -2.066543791292028420e-01 1.966661775861627959e+01
7.223876859576836007e-02 -1.930904903092975355e-01 1.949156489282281512e+01
4.926369123186531002e-02 -1.735299519993319384e-01 1.973951626126543246e+01
4.534554359867529888e-02 -1.786822566348249541e-01 1.947523858801703867e+01
5.567612095467149025e-02 -2.101596591543727355e-01 1.967960620985345699e+01
5.831442602910823919e-02 -1.956389425159916207e-01 1.963285211204832947e+01
9.461884851607926805e-03 -1.710671368281056481e-01 1.948457239227742122e+01
3.673876849894668062e-02 -1.933202918752570387e-01 1.948328278610756215e+01
2.345421549330644478e-02 -1.592961406418532122e-01 1.969077179300473546e+01
2.911813952362613672e-02 -1.678390551850256762e-01 1.973606578816529833e+01
4.924466163565191512e-02 -1.993741598786102354e-01 1.936305981524107267e+01
3.440898251177270523e-02 -1.948677538210731031e-01 1.943337614515737855e+01
5.782562969359009153e-02 -1.781192143418214302e-01 1.972366500644282539e+01
2.231469434829544754e-02 -1.643330979705381334e-01 1.953911221303391699e+01
5.442906677485395001e-02 -1.843369888320658956e-01 1.937734377672133590e+01
1.118569487548802532e-02 -1.681337338568661965e-01 1.960640633842819369e+01
1.084349196909761490e-02 -1.672635983607501931e-01 1.958474617865943301e+01
6.369109480120213607e-02 -1.488553073117530046e-01 1.949535149047964211e+01
4.613530098541163138e-02 -1.818618723332665332e-01 1.927732721400940008e+01
3.956823487743175993e-02 -1.773924497144130086e-01 1.979291479408670540e+01
2.357417300374766572e-02 -2.044539653065120532e-01 1.970597116541548033e+01
3.313809487301675599e-02 -1.573590174993927671e-01 1.945397313298927244e+01
7.887281817135907702e-02 -1.725956774694074602e-01 1.966699410667186854e+01
5.584365748936298557e-02 -1.877890113006139006e-01 1.927964765251209300e+01
5.163167832030383930e-02 -2.486917023329944798e-01 1.930848065655192514e+01
3.131932210524783489e-02 -1.779380323264031782e-01 1.945908997160332632e+01
2.940400479099177650e-02 -2.014547309570378086e-01 1.971259822463237299e+01
4.333658885876467276e-02 -1.813289486440020637e-01 1.951221212432860241e+01
4.271661188935325926e-02 -1.948238021059497671e-01 1.977288261844685735e+01
4.076904694214401881e-02 -1.755722556343679852e-01 1.961357697625805585e+01
3.620058971862795405e-02 -1.609933297601372770e-01 1.953948909527527178e+01
4.945796749860757735e-02 -1.782654655477305672e-01 1.964252258475930901e+01
4.138611037947319271e-02 -1.809543237866585164e-01 1.958632015278933736e+01
5.975894203699258500e-02 -2.111929398356071352e-01 1.949638080694249354e+01
5.017359540320603939e-02 -1.695118163129800959e-01 1.976814953091270510e+01
3.607003743299436183e-02 -1.878884793861327895e-01 1.980346016591605718e+01
4.470077563518429914e-02 -1.929840116216031687e-01 1.946887023436477904e+01
2.334309381167949671e-02 -1.495047834565017275e-01 1.969781737011392764e+01
1.350812605806246333e-02 -1.420592591493772539e-01 1.951940171012122605e+01
6.187939663541874857e-02 -1.676742427136525548e-01 1.967270322118165993e+01
2.158644626704092281e-02 -1.810019058644090351e-01 1.968947168537693670e+01
4.506168133040439755e-02 -1.537913215199168682e-01 1.930412528769973335e+01
7.392961224261612729e-02 -1.639381462225138475e-01 1.936950446776426560e+01
5.046857537595809268e-02 -1.793089636104585327e-01 1.959890369437997748e+01
3.213769605727026524e-02 -1.443841833094914873e-01 1.948607697726601984e+01
5.619181490838255633e-02 -1.850599840681565744e-01 1.960381764174121955e+01
6.627210456998235133e-02 -1.986511244112484920e-01 1.951328095876257862e+01
5.867376023376520700e-02 -1.589994768250408141e-01 1.951417979869556518e+01
4.600083188166246423e-02 -1.955295215814932541e-01 1.950638666309697911e+01
5.146406758711505325e-02 -1.699285745620753296e-01 1.952332855859069483e+01
3.530491489431794583e-02 -1.794934934544189231e-01 1.943747566213406586e+01
8.920337160555669859e-03 -2.057683458686634659e-01 1.956151085307073600e+01
1.418943806105286976e-02 -1.848780579811699909e-01 1.946337077044526964e+01
1.530845224467131810e-02 -1.430990987038933404e-01 1.959407643836778234e+01
4.673845313597022044e-02 -1.468792772041611627e-01 1.944471731090714783e+01
4.353062860668635570e-02 -2.079282091600566651e-01 1.966379412633715162e+01
4.894344436153952316e-02 -2.246345299112858518e-01 1.947282760039103877e+01
3.545528657515174126e-02 -1.902616236995813004e-01 1.943106883592017908e+01
-6.084539709950501085e-04 -1.800209523547575963e-01 1.953159307122007604e+01
6.723328869047610901e-02 -2.170963079875731228e-01 1.950360726279064494e+01
1.487096663652373585e-02 -1.472432371629092684e-01 1.976197176677619183e+01
6.849428286577544100e-04 -1.833180678176385692e-01 1.952530900560482507e+01
2.154415046373572840e-02 -1.535939464308933022e-01 1.929154439129329290e+01
3.975331626799953610e-02 -2.022682753262119160e-01 1.942372800715749648e+01
4.328182376462567926e-02 -1.554345923460997703e-01 1.955037913254352588e+01
6.904140888737020365e-02 -1.875777645077143785e-01 1.953370639304840140e+01
3.880557312334110415e-02 -1.859738909017435438e-01 1.961189500930542096e+01
6.172524675370148761e-02 -2.011472992464373444e-01 1.959502727648446196e+01
1.038130926581435839e-02 -1.803894626443774130e-01 1.920103735693321312e+01
4.806095368181025063e-02 -1.940695398475741629e-01 1.973699491134755846e+01
3.379880516347850278e-02 -1.181443325299068453e-01 1.981577595865764252e+01
2.601708492131896144e-02 -1.697922707857530689e-01 1.962247219943931853e+01
5.255509542457507260e-02 -1.410817911419480764e-01 1.959263985078566606e+01
3.507609045918035767e-02 -1.805513175832342276e-01 1.943848429417935009e+01
4.227959866210113243e-02 -1.742995090344144349e-01 1.932753751244064588e+01
2.399461953505254916e-02 -1.544318765841223295e-01 1.972209062362808041e+01
6.329326997799321342e-02 -1.787529244824646035e-01 1.984375164551389048e+01
5.427759589193158901e-02 -1.600732596286135456e-01 1.967072198901325919e+01
3.118134288494798720e-02 -1.926009063774700159e-01 1.950649414142601401e+01
3.803842307536289824e-02 -1.785964975793396803e-01 1.953078218421744694e+01
5.479836833154456965e-02 -1.769859705436011843e-01 1.954781847295697617e+01
4.119246017973119539e-02 -1.907702818344458595e-01 1.958923939370691514e+01
6.523324138048557097e-02 -1.661136432001192043e-01 1.966728298502320271e+01
3.659191901630710897e-02 -1.718222718184719833e-01 1.959952651509884447e+01
6.056279220146311426e-02 -1.839928177347969762e-01 1.964199364076412380e+01
2.063666886148901938e-02 -1.798718133886842707e-01 1.957176614766030909e+01
1.700444389273926202e-02 -1.507511416661215797e-01 1.944156124111172801e+01
3.549830649219570117e-02 -1.756764970500871714e-01 1.949324249275317555e+01
8.058213890386030365e-02 -1.714679430262170401e-01 1.976346042637104361e+01
3.216252890084934229e-02 -2.046425638357870502e-01 1.953884830380930282e+01
5.776640521646841248e-02 -1.675577011434423724e-01 1.952634908332014874e+01
2.946592239465635477e-02 -1.483425047943969233e-01 1.965517791110118750e+01
4.830941810542976195e-02 -1.983151365540921085e-01 1.956789237993337949e+01
9.417689827623126203e-03 -2.003014543459568919e-01 1.967724721549694422e+01
6.847718272278389973e-03 -1.788149777010024644e-01 1.949324243686315228e+01
5.841495820948777729e-02 -1.846462847018637277e-01 1.971981689343575539e+01
2.439787084127880562e-02 -1.841219109464351522e-01 1.955959964300685172e+01
1.155281731452390340e-02 -1.660571212374590544e-01 1.955695631588546135e+01
1.516115710225988955e-02 -1.855125412186008349e-01 1.958675316365779295e+01
-1.450301713246739121e-02 -2.020179977151763950e-01 1.955749055657657465e+01
2.546372034368137721e-02 -1.961877205836249916e-01 1.976857871723887072e+01
3.670147139025730504e-02 -1.592669201834545911e-01 1.949561306737096444e+01
2.541893194693487304e-02 -1.665461523915767739e-01 1.944346934226322787e+01
7.856752061526493802e-03 -1.714659933917131451e-01 1.923407309900051132e+01
3.943188193868665120e-02 -1.574028209027481251e-01 1.943254889371074867e+01
3.131582495890978396e-02 -1.807374698722844231e-01 1.962292716223524636e+01
9.378434427181895489e-03 -1.825577241750992730e-01 1.984484160524437968e+01
3.057424694602305093e-02 -1.918095872757680231e-01 1.967205613568539846e+01
5.013226171719770141e-02 -1.618689772745216804e-01 1.969516628083200160e+01
1.312867620607797298e-02 -1.510159916332378116e-01 1.955684905034310361e+01
6.937087669691241465e-02 -1.905586213165646192e-01 1.947332706157892090e+01
4.921545075047401019e-02 -2.082106639132728365e-01 1.970159093082302704e+01
5.185682831136664839e-02 -1.542731999484666106e-01 1.968477872656214700e+01
-1.464211916621484949e-02 -1.871186064013995176e-01 1.974680175231348755e+01
3.707010832090297525e-02 -1.811965112322643789e-01 1.968418549125623329e+01
7.146596424521350910e-02 -1.784879601498471358e-01 1.951614897926501868e+01
2.311437338772863448e-02 -2.003778022887206245e-01 1.984786893923700291e+01
4.287881031560872302e-03 -2.164905028708621337e-01 1.953691565754542125e+01
2.017006284224401313e-02 -1.751490364588146054e-01 1.947408846944439276e+01
6.376069049084533147e-03 -1.777901793770720329e-01 1.941848448531935034e+01
6.244018129033812592e-02 -2.151844036115624914e-01 1.963975258394996004e+01
5.757850842476919945e-02 -1.880973427106817086e-01 1.976929901529754119e+01
4.226731559529282173e-02 -1.506940131307776265e-01 1.972247960151138457e+01
4.340800081326928739e-02 -1.726546228740663547e-01 1.944731868018923748e+01
2.575944646959800466e-02 -1.720818716607387944e-01 1.940906009169136937e+01
4.674193351216862635e-02 -2.218164236103757347e-01 1.952204317833625780e+01
4.586903298640919446e-02 -1.746221460973772233e-01 1.947449129306788862e+01
4.939284421556611182e-02 -1.826802615680634956e-01 1.950767892296937234e+01
2.778927895854040042e-02 -1.445166040934526275e-01 1.952027177162025140e+01
5.736494713020248715e-02 -1.907937949205876782e-01 1.971578501797873173e+01
2.331447799844591287e-02 -1.897651228305682058e-01 1.954292460070429627e+01
7.303734725709637443e-02 -1.758230635825405730e-01 1.945052452086214956e+01
4.268908182443176269e-02 -2.227698083403977514e-01 1.926495128590042327e+01
5.006363899458927957e-02 -1.883591807228392478e-01 1.952242641286425595e+01
5.849385940982895771e-02 -1.757943113738555108e-01 1.930914362288043762e+01
7.204875709034772036e-02 -1.733141785574567051e-01 1.961118806195558406e+01
3.995926151519930969e-02 -1.998185887955023499e-01 1.980998820064432309e+01
6.973601953249276841e-02 -1.633684449428204066e-01 1.978705180389032847e+01
6.950538329813331362e-02 -1.776907068079514318e-01 1.961893252796675213e+01
4.214255100982523122e-02 -1.753460290925454024e-01 1.961348010822746701e+01
-4.211937840062005001e-04 -2.173677032462769665e-01 1.945322202722631388e+01
5.780667397213042069e-02 -1.686407987425548038e-01 1.941452401255113713e+01
1.456499764797176272e-02 -2.106427726477084761e-01 1.957553104387078946e+01
9.230607976971894058e-04 -1.259477686716515554e-01 1.982901906238289413e+01
2.989617540205441806e-02 -1.461594666207870485e-01 1.969673542814612688e+01
3.219807979128942732e-02 -1.705151831694450282e-01 1.960065628442126595e+01
4.154724818582380269e-02 -1.526191358372049056e-01 1.927230788344835233e+01
4.693618720087581325e-02 -1.867396006309288425e-01 1.939304767439612220e+01
2.442157000460538907e-02 -1.852070938029168889e-01 1.957658901301945420e+01
5.486123728753465600e-02 -1.612636339783995454e-01 1.983622300093553648e+01
1.768761768407232579e-02 -1.835606731100272171e-01 1.938532750838789909e+01
4.034041977445819438e-02 -1.778010986417080663e-01 1.977677339803813439e+01
8.351829715154721057e-02 -1.767701980796574091e-01 1.972228441426263856e+01
2.413898068502516592e-02 -2.203107306045449243e-01 1.945318178844069479e+01
2.374332048484036062e-02 -1.695517961023847719e-01 1.947450504357409784e+01
4.307977750654366778e-02 -1.953496241665112487e-01 1.967466843021145806e+01
3.147336503914818090e-02 -1.483329131799517586e-01 1.955780859796880122e+01
2.840060661174028528e-02 -1.682988529199742900e-01 1.988491889199892526e+01
2.916841049601611932e-02 -1.883350625085171426e-01 1.928866171803926477e+01
6.041503282894149229e-02 -1.523567368671362998e-01 1.955912987275042525e+01
5.493544654779374675e-02 -1.831148634203755010e-01 1.951915633629860025e+01
3.709579084438693886e-02 -1.730126775129491590e-01 1.962184992023921382e+01
3.880060962375146000e-02 -1.741829010626910201e-01 1.965002010108458563e+01
6.346225641487032720e-02 -2.025585722181453274e-01 1.964079278540182116e+01
6.498775696018108117e-02 -1.900812961243179000e-01 1.962699389045989307e+01
5.139204906434326897e-02 -1.827185225099224042e-01 1.931918629041821589e+01
5.740391823096586965e-02 -1.920202491539420020e-01 1.966219042772633330e+01
5.406755646749069472e-02 -1.823953540619028812e-01 1.972531216137113930e+01
4.011884655489059148e-02 -1.561217868119919583e-01 1.971135964866464363e+01
5.493804470535851303e-02 -2.307876522557747445e-01 1.936546867403887973e+01
4.894035501080255812e-02 -2.192553814101330933e-01 1.959138342800140364e+01
8.563187770488073225e-02 -1.623435220667940049e-01 1.958228197929056336e+01
8.114615598579698330e-03 -1.549198276643762029e-01 1.967902522986489089e+01
2.269576176314620081e-02 -1.900640776207082050e-01 1.939028308899776576e+01
2.110504095597574847e-02 -1.749154661588357695e-01 1.947887893916762891e+01
4.553469872085740694e-02 -1.762858926950379157e-01 1.949449483261968297e+01
5.863088727206784007e-02 -1.815901042429050316e-01 1.934200160857041695e+01
3.279438898965222199e-02 -1.940072646743347951e-01 1.962374906592285484e+01
6.549700039420712494e-02 -1.885632881218231027e-01 1.953523346122511128e+01
6.204510144960155571e-02 -1.716254541339952144e-01 1.976844556856053714e+01
2.810430089217681032e-02 -1.831670545170698272e-01 1.974637718881510651e+01
3.892762852742530366e-03 -1.402886239312003680e-01 1.982957478919919225e+01
4.966329799893604013e-02 -1.935402345048143902e-01 1.981881851143589657e+01
3.846568589587286841e-02 -1.526328934325349718e-01 1.955488717411424204e+01
8.902803252656809468e-03 -1.482525424124455093e-01 1.969832087427456102e+01
5.695365915954797575e-02 -1.522549112109987668e-01 1.963904949597660021e+01
4.643745596142262455e-02 -1.521090620138181304e-01 1.983771104258761753e+01
2.760194259692295982e-02 -1.936788471649844856e-01 1.959283738344310066e+01
3.233374126941362253e-02 -1.875875762437928251e-01 1.982661676668621809e+01
1.656675306208152398e-03 -1.870112930977111398e-01 1.951739111141978711e+01
4.616258474963553377e-02 -1.595426855326824434e-01 1.949269243539720264e+01
4.690376172250777798e-02 -1.981720158727481584e-01 1.966831108790277938e+01
1.661455976892570879e-02 -1.559764830752417564e-01 1.967193914183375014e+01
4.356437401421851818e-02 -1.835048154977914625e-01 1.989768745346041712e+01
3.703049091531851467e-03 -2.010842429062734416e-01 1.926367813088978664e+01
3.855435523487307781e-02 -1.698263105128219874e-01 1.965674354243282451e+01
3.660764713037582135e-02 -2.041275161411032768e-01 1.944441987285960494e+01
2.405821504559893173e-02 -2.123398307561942255e-01 1.972527182916943289e+01
3.263809629266619522e-02 -1.727587769257130090e-01 1.950529546127206970e+01
1.453168647536015254e-02 -1.695153537220846496e-01 1.963022246788857927e+01
4.239144094338158364e-02 -1.809154327906560833e-01 1.947153726386813588e+01
4.897673915761706354e-02 -2.283967534704749447e-01 1.953241845121203824e+01
-5.161170772824429098e-03 -1.645434284882376919e-01 1.972978469640001364e+01
4.281301085620321800e-02 -2.053253460007405384e-01 1.955401167055737233e+01
3.007464730522650675e-02 -1.562850676439251074e-01 1.970729102670755850e+01
6.459450947037827240e-02 -1.736340918353134477e-01 1.959818319473858850e+01
3.999307113009130388e-02 -1.822674484496064062e-01 1.935125755552264337e+01
3.147703471002704506e-02 -2.016950872964293207e-01 1.962517827369298118e+01
4.529433521307450056e-02 -1.995492132750301684e-01 1.965482349169406362e+01
7.464537475890593854e-02 -1.916988730320656198e-01 1.938946402889085974e+01
5.907519657022591159e-02 -2.024605786050314993e-01 1.944151146164622901e+01
5.423520676225219300e-02 -1.929192099150200679e-01 1.961752302566939932e+01
9.640485319077324311e-02 -1.795821663855593775e-01 1.957552320677958235e+01
2.865287598376187184e-02 -1.694303655655446383e-01 1.954826607546500838e+01
3.389932038926368740e-02 -1.804834803603349858e-01 1.952967730222010090e+01
2.253000444678918135e-02 -2.397806086175395257e-01 1.952827879718871529e+01
6.569887177948074974e-02 -1.588869111767494957e-01 1.950597982185706414e+01
6.052686998448883471e-02 -2.177443089068451521e-01 1.936088120680001268e+01
1.100878064642450693e-02 -1.637570149496720417e-01 1.972294500383620175e+01
4.837946479475187939e-02 -1.620806381392921880e-01 1.948626233624077386e+01
3.330028875151679751e-02 -1.624764418013883438e-01 1.948255776069179035e+01
-7.406534085687012381e-03 -1.409968384987224932e-01 1.959953232648184596e+01
4.978096629722437994e-02 -1.683279921449264416e-01 1.942234244370875373e+01
7.529878632593442478e-02 -2.081056973644106467e-01 1.949036298777745202e+01
2.465409973312315817e-02 -1.789576485845535414e-01 1.938442872049339627e+01
5.709471904592107461e-02 -1.671171305487325065e-01 1.932940764968007841e+01
2.421100520203457035e-02 -1.649847726260718905e-01 1.974229550500140107e+01
3.313622383700770557e-02 -1.608515616784043645e-01 1.950422335789154360e+01
1.046078774204223585e-02 -2.091735196632218963e-01 1.925238824691627570e+01
4.000239939879192408e-02 -1.885850699497425842e-01 1.972387358417007874e+01
5.604743600322488473e-03 -1.995499695055807376e-01 1.935205602438697881e+01
2.608205531724266599e-02 -1.967490300293348593e-01 1.988175470881674656e+01
2.131086179107989295e-02 -1.967387254647269268e-01 1.953592827991797876e+01
4.661634439947492936e-03 -1.456010801100506291e-01 1.938359324195887723e+01
6.107987912570578271e-02 -1.544309142536423041e-01 1.962249842438821901e+01
4.625008205317593379e-02 -1.489760730211161510e-01 1.969178143724972330e+01
1.865425217496149285e-02 -1.832427251526565215e-01 1.932542035702195093e+01
6.685783804419254128e-02 -1.454109565001781290e-01 1.954786297672360007e+01
1.818359578697017684e-02 -1.936892707739673314e-01 1.964958050242588783e+01
1.342852362261690718e-02 -1.927965910801017480e-01 1.928881861288240174e+01
1.521712782994977600e-02 -1.908171732519698682e-01 1.978251264028736855e+01
5.308392943050035950e-02 -1.698059266934411893e-01 1.960086530219403400e+01
5.235665203552865299e-02 -1.456571301525452777e-01 1.955733557886964036e+01
2.068207355201208755e-02 -1.982284975453023623e-01 1.956761696399675898e+01
3.350299526607927736e-02 -1.806173826497858292e-01 1.974259223584082790e+01
5.969512455447213706e-02 -1.628761831404076377e-01 1.964742398258332301e+01
6.017045401731364873e-02 -1.441797275029505498e-01 1.931441018049727987e+01
1.500876928077714625e-02 -2.154154512855432635e-01 1.950339147983569177e+01
5.994899427622076005e-02 -1.604194638128337014e-01 1.937643710701755495e+01
3.224854232159670570e-02 -1.789534410426216471e-01 1.961360178671101906e+01
3.266292104995786871e-02 -1.841859850279574662e-01 1.935935500746449378e+01
4.221771093554564647e-02 -1.642724607559548911e-01 1.942789794532981418e+01
2.328859912420489300e-02 -1.612988591016862316e-01 1.952938773124296290e+01
6.839465216909890177e-02 -2.002331114372050691e-01 1.987176863235763236e+01
5.047906800198721095e-02 -1.628603348071507029e-01 1.958366601278770602e+01
2.492802561948974718e-02 -1.802580158534854704e-01 1.954585707877012268e+01
3.766098214876499595e-02 -1.541442683791474089e-01 1.937433397607203389e+01
5.646149120706868418e-02 -1.935085109025962424e-01 1.984112424776261108e+01
4.073976940876222058e-02 -2.259395055782627004e-01 1.972542269806827875e+01
3.509056082380588443e-02 -1.649166001394678505e-01 1.952175785046492962e+01
5.137994828311481799e-02 -1.838321282676868007e-01 1.985225827299957047e+01
3.835535394195844355e-02 -1.863103206553877456e-01 1.953054645718569304e+01
1.983449476964542491e-03 -1.394960370737272359e-01 1.956827665025390672e+01
5.224056568664180861e-02 -1.773742640730723019e-01 1.935512011841796109e+01
2.332685866446963796e-02 -1.750687229315745774e-01 1.953612915015715856e+01
2.192475567232542166e-02 -1.232626883779291832e-01 1.955885213151089985e+01
2.325191026082602461e-02 -2.192664211468041691e-01 1.949731656281054626e+01
2.944654791735579202e-02 -1.708035193455668677e-01 1.949984464955597119e+01
4.442476401757618210e-02 -2.395923634822361148e-01 1.970019294032242740e+01
6.081701398489994248e-02 -1.926055210287304642e-01 1.966159436342432087e+01
3.155472049220737346e-02 -1.820847324760226926e-01 1.945930681899980996e+01
3.444876423034368834e-02 -1.835702462309258542e-01 1.989464155162873737e+01
3.440475828082881909e-02 -2.084241858662649050e-01 1.941758365184138313e+01
4.615144597645030877e-02 -1.857909961227985352e-01 1.942274822444447580e+01
1.571288958277973144e-02 -1.845986552848207229e-01 1.984875722640580875e+01
3.867665769272044668e-02 -1.985766889647101741e-01 1.958119626034066130e+01
5.614709964620573368e-02 -1.822249970112395090e-01 1.944763547320152242e+01
5.891081314144690911e-02 -1.928587097921264371e-01 1.974747865759763954e+01
1.337827502316595030e-02 -1.777565094150100611e-01 1.954522723267236373e+01
3.052608679433992805e-02 -1.917823972062440430e-01 1.949710471026842029e+01
4.046899872342610976e-02 -1.890880997397553498e-01 1.944101925120177654e+01
-3.568928376691711535e-03 -1.762648571253654095e-01 1.971477697278298180e+01
1.776874413432597694e-02 -1.464044068983764435e-01 1.968730587155884493e+01
6.417011880215053865e-02 -1.692943532082406000e-01 1.941256641223503721e+01
2.790940714872050532e-02 -1.834335161527184954e-01 1.954541044851701059e+01
1.601634499384176069e-02 -1.783367726666611475e-01 1.965024507095659700e+01
9.860290745901788972e-03 -1.501415896576213105e-01 1.973310807276098799e+01
5.667001593311855184e-02 -1.956982578393473005e-01 1.938381695032104091e+01
5.037767345107091455e-02 -1.904838909568204453e-01 1.950056546535166646e+01
3.999907978775897599e-02 -2.198183866933866026e-01 1.953295492687150414e+01
6.913448294054100329e-02 -1.930612964981104351e-01 1.980125076354393698e+01
1.605861467091170697e-02 -1.860784721364386329e-01 1.945223980511166673e+01
4.948313127131719752e-02 -1.888499108028643958e-01 1.950272472654241795e+01
3.857937235993582487e-02 -1.753948968025716704e-01 1.980869706854145207e+01
2.969833763201951485e-02 -2.020799516918863337e-01 1.955779328296753761e+01
4.261895694788546407e-02 -1.807756237070426986e-01 1.959773467163260463e+01
2.831368361887900281e-02 -1.846755288146703644e-01 1.942879018095607435e+01
7.207220879546538672e-02 -1.540392407556120391e-01 1.922771196631778068e+01
8.727680374435235755e-02 -1.576017139736514971e-01 1.969153184479592511e+01
1.435063854250284709e-02 -1.882500206224780037e-01 1.935584173563527699e+01
6.426526568535140260e-02 -1.912670510258267786e-01 1.979401740932291176e+01
7.790989513990950743e-02 -1.752392392716381753e-01 1.947393490094044566e+01
6.338582378105417359e-02 -2.235386146489989900e-01 1.949004126567801620e+01
5.378641410032766051e-02 -1.913646425749757629e-01 1.949788677814633786e+01
2.688987745551466024e-02 -1.804727758836308094e-01 1.940075769691815921e+01
3.303761583595065526e-02 -1.629856488995896080e-01 1.977026815695452555e+01
5.014492714635371967e-02 -1.970219766094787051e-01 1.960143340145229374e+01
2.342564880471841721e-02 -2.056574417942422239e-01 1.947540589335664407e+01
4.244863966304304043e-02 -1.894234895599014035e-01 1.941341832871792050e+01
3.677081544834746862e-02 -1.588131344303622683e-01 1.946469376203698687e+01
1.519798602571890977e-02 -1.699005448926380890e-01 1.982781625022605709e+01
2.201778104625355670e-02 -1.851237734959922943e-01 1.963417696573857185e+01
1.289320417995936871e-02 -1.740566117909836952e-01 1.954074032341827305e+01
-2.262797364820640783e-02 -1.909504212520208022e-01 1.968760450655265259e+01
1.066693904772165677e-02 -1.790469384282305509e-01 1.926478671328500880e+01
2.378131075111662024e-02 -1.874126529227894133e-01 1.970061068850110075e+01
3.853059111540056009e-02 -1.654398456632675540e-01 1.935913610512425365e+01
5.558896676467245390e-02 -1.783530373066979091e-01 1.981187339891276977e+01
8.433795783902930943e-02 -1.976869366638870085e-01 1.976215239104575616e+01
4.470607826964282522e-02 -1.794297134986187203e-01 1.978874968307544435e+01
6.873252075071603628e-02 -1.838189798576446154e-01 1.971434430665820159e+01
4.091664228457451286e-02 -1.963452281958093515e-01 1.989865889089862705e+01
2.102292705576872672e-02 -1.919882967675090590e-01 1.962203106100703920e+01
4.352201143571305525e-02 -1.525276482084785001e-01 1.955232568749206479e+01
6.213178718418320423e-02 -1.823946397753027360e-01 1.972756745981192594e+01
4.224918412721055672e-02 -1.724522288646297419e-01 1.967699028288926399e+01
3.509511055481398523e-02 -1.909591249542101077e-01 1.975267455236219050e+01
1.088946012273742450e-02 -1.763248495129791649e-01 1.935958856258728744e+01
5.646816159415272984e-02 -1.642507067340696625e-01 1.968861060093759718e+01
5.954683082016219708e-02 -1.799900430059488410e-01 1.946713343216389802e+01
7.524842695675514059e-03 -1.755355492135865225e-01 1.937840214734733024e+01
3.037810268127540819e-02 -1.929489044278230869e-01 1.981556390138101875e+01
3.357360647293949202e-02 -1.829864827646663639e-01 1.962830412842703609e+01
3.957011986693922262e-02 -1.637833658134661974e-01 1.952803170624804352e+01
3.762423340002746253e-02 -1.573250487472465931e-01 1.959411259522065762e+01
4.685262043185520198e-02 -1.822807459823956866e-01 1.966794651707218478e+01
4.371248646772148833e-02 -1.686195458944092784e-01 1.963673458348259260e+01
1.901707808273504774e-02 -1.584555423154478393e-01 1.942775318192825296e+01
7.295073933748241757e-02 -1.938350730585253756e-01 1.932961950196105150e+01
4.228835942190523056e-02 -1.874117956660217299e-01 1.913627786520900642e+01
2.540875783400172935e-02 -2.017224598740961217e-01 1.943851723304104695e+01
4.794425545272640310e-02 -1.596764692930521534e-01 1.937337602970399786e+01
4.260209160186945176e-02 -1.759228815475436247e-01 1.973513395668876669e+01
3.656013283865592461e-02 -2.016066157713271301e-01 1.964032222715645659e+01
5.525362485383279731e-02 -1.880350773440186696e-01 1.976592572360849331e+01
3.017331534943045596e-02 -1.648123094122047883e-01 1.939671207481351445e+01
4.159955340391112422e-02 -1.628657153512345912e-01 1.931793685004710071e+01
2.076622310934968588e-02 -1.723913194823192274e-01 1.959893696020906617e+01
-6.412514717119982555e-03 -2.365703951068931221e-01 1.937518010318721196e+01
1.642417197114070387e-02 -1.899093491442718218e-01 1.965989596600567069e+01
2.169397491259111507e-02 -1.624282965894492947e-01 2.020536715123100180e+01
3.793233236767918487e-02 -1.642423496301302077e-01 1.968859645839694394e+01
9.745394250055269131e-03 -1.749397195318487808e-01 1.962471585025710397e+01
1.615958618617426359e-02 -1.499909633569934120e-01 1.986375770131951057e+01
5.195132532323607638e-02 -1.585672981369928292e-01 1.933018760929887492e+01
4.304515535349739269e-02 -1.650195100885716581e-01 1.939455364166945017e+01
2.440297726398802519e-02 -1.399783118642101420e-01 1.960905852479816858e+01
4.952496406100519860e-02 -1.825793115716022319e-01 1.975814429759621760e+01
1.268165398239656100e-02 -1.898403390824803250e-01 1.946338232945852909e+01
4.507565594295221550e-02 -1.722863216301446232e-01 1.945969700094983779e+01
4.815390705561727047e-02 -1.708242919629532619e-01 1.956996991695204713e+01
2.653252851985973826e-02 -2.349579518652771259e-01 1.951044112287211263e+01
2.486488858778800742e-02 -1.810379776896118564e-01 1.949124507558317987e+01
6.137557966349951877e-02 -1.507024883939796778e-01 1.962393998898940950e+01
5.190630520681689675e-02 -1.930872240164755449e-01 1.937469270458607085e+01
6.545285794268557167e-02 -1.852352449111876465e-01 1.957685711814596274e+01
4.457051787470821258e-03 -1.716071523294213363e-01 1.951930561807892062e+01
4.545446073606228959e-02 -2.165244682988823333e-01 1.956656949945056923e+01
5.753404597494779504e-02 -1.762982740662135672e-01 1.950043977814192786e+01
5.169602533787767684e-02 -1.863362789431969868e-01 1.979150030259303605e+01
2.903153375744105605e-02 -1.866304843013634474e-01 1.949370417391571308e+01
4.215813715470546202e-02 -1.649736346103208851e-01 1.938569478474216723e+01
2.189919735966147987e-02 -1.448285331775171214e-01 1.955759235128008910e+01
2.160684491344111099e-02 -1.912013267702125097e-01 1.959223027094993341e+01
3.136235987398292707e-02 -1.664195345041177554e-01 1.943802284817139636e+01
4.871954613807746859e-02 -1.774794436840800849e-01 1.958086152114332634e+01
-2.600898161933610370e-02 -1.919298545272007384e-01 1.979051492439832671e+01
2.781763328821502956e-02 -2.113507321767140457e-01 1.961382006043070447e+01
3.578190723680652746e-02 -1.706714945754963797e-01 1.974790056683053052e+01
4.730825265749124403e-02 -1.762133240658520228e-01 1.963890650553913275e+01
4.861337202933455753e-02 -1.647547875273231155e-01 1.964809803789876952e+01
1.550605142538363790e-02 -1.838641806557324843e-01 1.950128133079480008e+01
4.043797637610648671e-02 -1.854410448050767823e-01 1.932028774655805847e+01
7.638714975631893944e-02 -1.874580765219504008e-01 1.970460330273029115e+01
2.662476766075869833e-02 -1.720997346119543803e-01 1.960562542705253364e+01
4.723832491458161698e-02 -2.042564561326283834e-01 1.970714018084588659e+01
1.466915215486526078e-02 -1.939057581478763614e-01 1.944497479682339858e+01
5.027755529743732632e-02 -2.057699942517554337e-01 1.947656569691932305e+01
4.252131092269621077e-02 -1.716872592440411016e-01 1.958687924936272751e+01
3.012601732999796444e-02 -1.542736992196732659e-01 1.970071129901035434e+01
4.778547214867458898e-02 -1.805157983821580325e-01 1.957681957447973531e+01
7.667685911677254995e-02 -1.714867323465824045e-01 1.977529980984345315e+01
-8.554612018894791614e-04 -1.894548910368959727e-01 1.939906727126405528e+01
2.964660675993884345e-02 -1.768687768826260887e-01 1.932507868542078810e+01
5.349325699971542447e-02 -1.674260716940076943e-01 1.963634356663249747e+01
5.448642583453298244e-02 -1.754195220415670498e-01 1.930521010717118102e+01
6.527411422739717861e-02 -1.812650476297521795e-01 1.960405194661998252e+01
4.481305452642376369e-02 -1.886984807597736902e-01 1.984521941739036066e+01
4.318947648331945138e-02 -1.848151664255172910e-01 1.969707755567386442e+01
5.919620762452441898e-02 -1.717057460140029856e-01 1.943248354140336076e+01
8.287930335005389004e-02 -1.976387601071422362e-01 1.952308585152499631e+01
1.352174325372526575e-02 -1.834633720452038541e-01 1.969805692024851496e+01
6.151145571962580993e-02 -1.491369981982706705e-01 1.989118557580910007e+01
3.939412247076280738e-02 -1.590152696089677797e-01 1.978847362166391832e+01
4.224483105890640411e-02 -1.844175445049746065e-01 1.958934819314887221e+01
7.289511536362969224e-02 -1.858170082981593640e-01 1.923878881183971146e+01
6.735440039631802878e-02 -1.616809614715772614e-01 1.956841854750033249e+01
2.677007425115687789e-04 -1.575619300186421323e-01 1.944448256239168416e+01
2.919854101306192801e-02 -1.550436761484262072e-01 1.976009934935127177e+01
3.713055792109650616e-02 -1.435654387410784105e-01 1.944324974590900368e+01
2.685292469362312445e-02 -1.917296361736144927e-01 1.969260616045395906e+01
3.673591473475881775e-02 -1.648131665454110606e-01 1.949575643607391129e+01
2.263520896233592664e-02 -1.885003763525529286e-01 1.971871696238742189e+01
2.373168440129655443e-02 -1.666872170792941532e-01 1.910048244509915705e+01
5.554447699426498519e-02 -1.981831603652888241e-01 1.937434254357464170e+01
6.225833433985926424e-02 -1.412178964640567469e-01 1.955446483652857737e+01
2.583284010561541499e-02 -1.781239519856945563e-01 1.964524819649341936e+01
1.824573880639323784e-02 -1.564071190623268215e-01 1.927568582602816605e+01
2.580125024536166281e-02 -1.799631945144757883e-01 1.962125506539829800e+01
4.386719453678374070e-02 -1.930793475312243268e-01 1.958441088811455444e+01
1.141092661143007156e-02 -1.909485098123505642e-01 1.960865744029243629e+01
5.384303206725717800e-02 -2.017192478718351500e-01 1.976180054076420589e+01
5.006948086128441833e-02 -1.749821353069293539e-01 1.962942413593130198e+01
2.009353191799197191e-02 -1.801540231353072896e-01 1.963709821238662201e+01
3.148184858597796731e-02 -1.521176178495547981e-01 1.913293147040808506e+01
2.230397511023142834e-02 -1.930346364399662396e-01 1.961593771098898031e+01
5.000210807269078739e-02 -1.656094820924253475e-01 1.974904794553798482e+01
5.980204137587305513e-03 -1.801573041610857739e-01 1.990949200466055302e+01
3.302200674647515211e-02 -1.855169196204456972e-01 1.951973451182967878e+01
2.550653429413987650e-02 -2.202349048824683575e-01 1.940677335195373132e+01
4.539369377144893830e-02 -1.757308375246112442e-01 1.951614101613034435e+01
4.063574131146770185e-02 -1.840361539758101905e-01 1.959176775453235919e+01
5.254553012732478962e-02 -1.850047791343960579e-01 1.952239982797364348e+01
4.516818170334451626e-02 -2.149109322165420055e-01 1.930846478945493416e+01
2.628639389997000295e-02 -1.481361722222620247e-01 1.987944163463162894e+01
6.915312159620728982e-02 -2.017471124752933387e-01 1.970092565260535622e+01
6.213365180786047104e-02 -1.505065417065255540e-01 1.963616351559915785e+01
2.910819241184505607e-02 -2.069502816041366156e-01 1.958379168395343584e+01
5.427696268059906126e-02 -1.914184639012570521e-01 1.977907640224486840e+01
1.188469902420983756e-02 -1.903662202788415636e-01 1.950232416957383563e+01
4.268494467082609850e-02 -1.957545705858481921e-01 1.933088299033440904e+01
3.601569283216751738e-02 -2.026706470029527030e-01 1.961092161567631109e+01
5.617827729970381601e-02 -1.823880910423483215e-01 1.920015945408355762e+01
4.773720138599056584e-02 -1.687507305775226563e-01 1.948465861561812318e+01
5.844471558979107834e-02 -1.808604828277259879e-01 1.937179305385215500e+01
2.874203230110068674e-02 -1.789704647759289002e-01 1.947636694341575847e+01
2.733433494006373005e-02 -2.018094203373075879e-01 1.967398601415711212e+01
8.942704152788008565e-02 -1.776211419918852230e-01 1.964636881840073812e+01
2.263614459525633768e-02 -1.700562746550842719e-01 1.941103165915539819e+01
4.415584783495611620e-02 -1.612244403320598762e-01 1.971311173810378037e+01
2.917315793056454720e-02 -2.201159196279562080e-01 1.946113475555111805e+01
2.227925773735479203e-02 -2.107410601436458530e-01 1.947385027491671750e+01
2.692599272952572037e-02 -1.914712513086896384e-01 1.945066023011358780e+01
6.636598879431328257e-02 -1.473893723956940793e-01 1.963107016001108107e+01
1.317025851150721225e-02 -1.510094110898969610e-01 1.951400519301115821e+01
3.379148590116437534e-02 -1.857735972387949130e-01 1.908611594534114175e+01
4.663765620024965669e-02 -2.008503971797908072e-01 1.965347914005239005e+01
8.728120090068732656e-03 -1.289549597034624073e-01 1.940641074164101099e+01
4.065502325706518705e-02 -1.426586918285532857e-01 1.959108106388679360e+01
2.611549780546947030e-02 -1.716059128837446601e-01 1.973579092169808646e+01
6.825581821795292936e-02 -1.667844832497557828e-01 1.961157846515266812e+01
3.986262155964384601e-02 -1.746547939572161423e-01 1.955512448901430034e+01
6.852745182966278603e-02 -1.640566963959114721e-01 1.942445318347610339e+01
2.345272807912868879e-02 -1.592112395215706522e-01 1.948358755778392393e+01
4.185386075982261422e-02 -2.378743711807494443e-01 1.961326636799508805e+01
6.520831255111737834e-02 -1.508285113264911381e-01 1.972245277026441812e+01
6.638514294467517951e-02 -1.621716834831271881e-01 1.915569660171467703e+01
3.880868901543502170e-02 -2.073627472885901935e-01 1.966925448236554885e+01
9.334853023452681364e-03 -1.746201374929703953e-01 1.950778443651008232e+01
3.418665635436692746e-02 -1.980018532819996235e-01 1.947722033765170835e+01
4.609134982990434337e-02 -1.707907742952578800e-01 1.947807650384779876e+01
3.642234615216084076e-02 -1.953486807943801140e-01 1.985576264221759502e+01
5.154772514146009621e-02 -1.687556440687056347e-01 1.938446035907481502e+01
3.661601736947303620e-02 -1.679400686000073750e-01 1.944342438760364900e+01
7.140875844599305078e-03 -1.960863970022438674e-01 1.952649980824009646e+01
7.692307493343111813e-02 -1.987992472491154627e-01 1.942528241381854670e+01
3.072406479328466597e-02 -1.884511407847065390e-01 1.982546256479770008e+01
1.805027815370319200e-02 -1.888988206046567087e-01 1.973469570195774381e+01
6.700675195712413323e-02 -1.806807592956378994e-01 1.968379955222225774e+01
3.809298131937633586e-02 -2.000076880305545479e-01 1.950885105581597045e+01
1.976771979307771765e-02 -1.688169329541842900e-01 1.956780724834563756e+01
5.537575361119473349e-02 -1.833131198278940555e-01 1.960453165280977927e+01
6.461875830565008694e-02 -1.756146224093843300e-01 1.941747620623224435e+01
2.594548414554242316e-02 -1.801865658429578354e-01 1.958368424307825961e+01
2.910715131036838155e-02 -1.603169858127180825e-01 1.959442208905443650e+01
6.606359759256852371e-02 -1.912555421262279731e-01 1.954511904499388208e+01
4.163516525194542461e-02 -1.650950179800000917e-01 1.943120214210570040e+01
1.532355653622261005e-02 -1.996455816273570716e-01 1.954047154937635966e+01
3.687534855891606844e-02 -1.514141486259457103e-01 1.946410391549785146e+01
3.204426096585840517e-02 -1.839760349232343051e-01 1.943166878271853903e+01
-1.243692831265302834e-02 -1.844444545217684694e-01 1.941293892431962931e+01
1.396639475160744992e-02 -1.490166604900499403e-01 1.965919753381036017e+01
4.132489256002643691e-02 -1.851961008490084493e-01 1.990765125058730334e+01
4.018968368945890351e-02 -1.680754803953381782e-01 1.958126487905418500e+01
5.836238362703195792e-02 -1.802800123971291801e-01 1.960727102479502904e+01
6.544882143532218532e-02 -1.675932014832591799e-01 1.977408731290045552e+01
3.154298786702472435e-02 -1.665797136822439461e-01 1.963448764129903523e+01
5.761347872898202327e-02 -1.745379094252720309e-01 1.946523238957179203e+01
3.740764785273472531e-02 -1.936923951270920485e-01 1.963500915204444297e+01
2.682739828271098886e-02 -2.130914385112798737e-01 1.995705781941313361e+01
-5.931508851587607989e-03 -1.693217050273443658e-01 1.982006274723567785e+01
5.350510465282810185e-02 -1.887782766054001971e-01 1.952634993003569619e+01
-1.175287985238780003e-02 -1.478948543624536427e-01 1.961369104098751848e+01
1.832207768708934287e-02 -1.929970682299435580e-01 1.957365641545996482e+01
1.237669727760278698e-02 -1.822170064441365755e-01 1.944639127965577075e+01
3.716015770170017635e-02 -2.065984098652193790e-01 1.932139935149064058e+01
6.388107851115913671e-02 -1.796548724529182794e-01 1.964647823032263929e+01
2.389784294705647738e-02 -2.173004385258288373e-01 1.982843178251742344e+01
3.878324624991251468e-02 -1.724897583228980902e-01 1.954512399280872970e+01
3.617179283367424197e-02 -1.602659886078850460e-01 1.942175651206894926e+01
8.923388918106713030e-03 -1.974570727741616627e-01 1.941905371630237909e+01
1.340150147042105944e-02 -1.855564694961361338e-01 1.952959449309049589e+01
2.943349071103932083e-02 -2.090957443588368769e-01 1.959091413356223299e+01
1.754963667413870013e-02 -1.811151950992387072e-01 1.952546181211241816e+01
6.703727835331380058e-02 -1.945257564971043518e-01 1.978245004555172315e+01
7.894284148023576753e-02 -1.845149489415709165e-01 1.967536225357243396e+01
1.891963054556374674e-02 -1.553373612165493967e-01 1.966978968772238545e+01
3.877804567302166328e-02 -1.755571284545912603e-01 1.954583326063507798e+01
3.876718169808931330e-02 -1.962890385314789432e-01 1.962493863887113577e+01
3.111770208979587962e-02 -2.074300760156547185e-01 1.964745222122380142e+01
5.965844058050517179e-02 -1.678289563487687930e-01 1.951670462354542224e+01
5.056734806588032705e-02 -1.959437457409651528e-01 1.970820332615275206e+01
3.971299483156918997e-02 -1.582442695704961155e-01 1.950023942015371503e+01
1.848423012138870197e-02 -1.896318127799012654e-01 1.972181641387278006e+01
4.385962001276233480e-02 -1.873444424789264817e-01 1.952601346049647191e+01
2.783724852230268221e-02 -1.683140852973899482e-01 1.939973991368684381e+01
4.668697502185540499e-02 -1.846585364249886119e-01 1.944208433404013547e+01
4.174641839029245155e-02 -1.727190030071162619e-01 1.952168983019279480e+01
6.490720668532820592e-02 -1.986073889304116047e-01 1.938875573063192448e+01
4.675235855335441865e-02 -1.745382297205476940e-01 1.922799180212237147e+01
4.999899047259918211e-02 -1.998374933280507304e-01 1.941764420826340043e+01
5.636379304686239128e-02 -1.952329838888807734e-01 1.913704684231369768e+01
5.012467090575098427e-02 -1.763243195400109598e-01 1.958254405884574822e+01
7.045020042008855177e-02 -1.568563061761079069e-01 1.962963237519415571e+01
3.732443690129446517e-02 -2.017531570468658886e-01 1.944579537909422839e+01
6.713358621918172342e-02 -1.575826543007593228e-01 1.943948478578633399e+01
2.335939087209055673e-02 -1.365950880534793632e-01 1.948603055446750787e+01
6.467596212270840250e-02 -1.407596813730016272e-01 1.938786221802617860e+01
5.426076042380405251e-02 -1.647239212464973179e-01 1.964710901351104866e+01
3.456276355029955921e-02 -1.961643636727074258e-01 1.953093649207123406e+01
6.829703797305484991e-02 -1.751914698021572181e-01 1.972453593909985514e+01
3.093065924848479795e-02 -1.801718445938263191e-01 1.966940240615926783e+01
4.912023803148365952e-02 -1.767773032472156336e-01 1.957632276658067383e+01
4.725507409131218112e-02 -1.490594619757404649e-01 1.970817037683230311e+01
4.957490049409279953e-02 -2.210908703060572855e-01 1.966374924464494356e+01
6.877439253911876715e-02 -1.906444857300512163e-01 1.909085782709479773e+01
7.044992442371367236e-02 -1.759654125708018935e-01 1.953629555164122777e+01
6.640122829722573672e-03 -1.598275694987521811e-01 1.945110919242413061e+01
3.624225674979251327e-02 -1.748750188691220175e-01 1.950405386523029350e+01
2.596609382155055240e-02 -1.743965111728686124e-01 1.952668648323169975e+01
3.895053166672782924e-02 -1.525297803032109600e-01 1.956131748371677403e+01
3.998483709015079879e-02 -1.711393937995550618e-01 1.957399308135627436e+01
1.282351672165922898e-02 -2.011854689742768876e-01 1.938660299769938078e+01
8.676810973773460556e-02 -1.648786335329411878e-01 1.947054328641045018e+01
2.656972853190963865e-02 -1.662953814464651903e-01 1.949614726473490478e+01
3.322687172083294005e-02 -2.084101772943900144e-01 1.956736947703788232e+01
2.863200823773685150e-02 -1.964400986951875261e-01 1.963300882200931952e+01
5.264068434465469376e-02 -1.669331963857249579e-01 1.960293352649972221e+01
1.501127500020337999e-02 -2.044119099802267359e-01 1.939532282642527861e+01
4.281156491310426221e-02 -1.581902877809809316e-01 1.950003417661583782e+01
4.819235043722699258e-02 -1.763429384186417370e-01 1.980562913839274941e+01
2.680309716670067899e-02 -2.196890665875955717e-01 1.944091053159804616e+01
1.739714540037301874e-02 -1.694791706162586120e-01 1.952888172760023977e+01
6.239045678908805570e-02 -2.053393887518882022e-01 1.945340874455144586e+01
4.966924747119433325e-02 -1.517191840496489030e-01 1.971545933711826848e+01
5.468214560222715848e-02 -1.861129730382055092e-01 1.949756661587101192e+01
3.233006637372101005e-02 -1.832907923133435535e-01 1.951424192270513913e+01
3.206673124339606828e-02 -1.990166450731066794e-01 1.944191344036281777e+01
-5.165740287465518665e-03 -1.719221500736733688e-01 1.956195695123465583e+01
4.642583529586418595e-02 -1.941717562898658267e-01 1.947324543717563117e+01
4.750879718280526243e-02 -1.869580378184524938e-01 1.943998602134113796e+01
3.437169872061387327e-02 -1.678270059366926137e-01 1.973380643116730937e+01
4.412238288185208607e-02 -1.879329743122941931e-01 1.982999283978724847e+01
5.760968805172342333e-02 -1.443749113872442036e-01 1.967484854329405763e+01
9.772734501273219049e-03 -1.859122717776007794e-01 1.954365766310192498e+01
4.386522312914132443e-02 -1.761543586781259829e-01 1.913919413935172642e+01
4.229554098050161692e-02 -2.003515194730993432e-01 1.952118910498894166e+01
4.110574245784069658e-02 -1.529564082120633550e-01 1.942132103513612762e+01
1.636527673728300353e-02 -1.873667284170972558e-01 1.947875819981033274e+01
3.900043586356551073e-02 -1.606170374308319715e-01 1.925735290812428957e+01
2.179252127532631256e-02 -1.680923940688090479e-01 1.981954952720136731e+01
7.047118381142614130e-02 -1.541077870194476895e-01 1.980675681528872900e+01
4.029629805739800424e-02 -1.852041782959428506e-01 1.952792259266197661e+01
4.589659028466008817e-02 -1.877370907200553718e-01 1.932027630281189801e+01
5.856895590534388907e-02 -1.731053939920733642e-01 1.916586346537439667e+01
3.645601788815357874e-02 -1.630165849975444559e-01 1.956043547038263597e+01
3.333479904331763943e-02 -1.759562086283879834e-01 1.955326758229999484e+01
1.659436376008625175e-02 -2.122209408990193558e-01 1.976039560434163533e+01
5.616691869662045200e-02 -1.770387304271323625e-01 1.942926798123405163e+01
4.764602175184801114e-02 -1.917510751658235701e-01 1.955972673016335861e+01
4.583999172526425497e-02 -1.535614571290868091e-01 1.975676144318633831e+01
1.326540969336254330e-02 -1.786011669523968615e-01 1.946025656454831321e+01
2.035071912758429011e-02 -1.889937116537311890e-01 1.953714625729407572e+01
5.232148879939322456e-02 -1.986701531244825236e-01 1.968039798336567614e+01
2.191055652388193900e-02 -1.558186455976523221e-01 1.940484170183875534e+01
5.219839519196051852e-02 -1.665172764957758289e-01 1.951381279852630612e+01
4.570676287829519152e-02 -1.569596704389278063e-01 1.942079769305849624e+01
2.320921875392941910e-02 -1.592807545784827861e-01 1.940108741084195998e+01
4.485435167347050223e-02 -1.937488237985393047e-01 1.971207103277014738e+01
3.000793066798844444e-02 -1.964524325860229070e-01 1.959463615815879578e+01
3.719982039402400936e-02 -1.412639579472168561e-01 1.941780671436044869e+01
5.703288466482801106e-02 -1.740803875395934563e-01 1.955965269438451770e+01
3.293434018306608257e-02 -2.124308663931065710e-01 1.974214991445812473e+01
3.732898178514994225e-02 -1.921402686823305006e-01 1.951123829662688181e+01
4.901181530595664915e-02 -1.881177750113909031e-01 1.942611525680713314e+01
3.368000202085250083e-02 -1.658023791067197994e-01 1.942203890988316317e+01
3.089336394007022313e-02 -1.654769210166103788e-01 1.963752116758055521e+01
4.588628434350965069e-02 -1.897868768241641191e-01 1.971809810343840041e+01
1.032813628831276073e-02 -1.848119635212110978e-01 1.972566746255709447e+01
5.732421224825823974e-02 -1.777462899448466471e-01 1.970279134804555099e+01
7.041723136043598341e-02 -1.959869351998265175e-01 1.951532094145987273e+01
2.154559104407418810e-02 -1.689154961940621813e-01 1.974338876621608208e+01
4.492822311019856879e-02 -1.716741616693545081e-01 1.934846379054522458e+01
2.481380186038443375e-02 -1.689935918053768193e-01 1.957742799238900133e+01
3.485994188266888089e-02 -2.080581004553350988e-01 1.939214780680401162e+01
6.253035995674310898e-02 -2.036663365623483934e-01 1.966467864310471114e+01
3.755305486178382030e-02 -1.565942536872241275e-01 1.955343560517111712e+01
5.835809672313035240e-02 -1.285410793253672912e-01 1.973441576741222292e+01
6.384726272222435162e-02 -1.847035448599276541e-01 1.945081062904087688e+01
3.989087961594626336e-02 -1.570577611178405053e-01 1.974415884354110062e+01
5.429805626639595817e-02 -1.684110706978572125e-01 1.953283096302365252e+01
5.759385035842636003e-02 -1.518434721327752146e-01 1.950059055458436319e+01
3.595092019101410463e-02 -2.262557056594516336e-01 1.927386158649208170e+01
2.928774557196616585e-02 -2.101724293343024130e-01 1.950485441464615377e+01
3.753997975457560449e-02 -2.031132051832982843e-01 1.956372341602767406e+01
7.391351118718554603e-02 -1.623839443289406825e-01 1.974631179873119535e+01
5.580528950185172088e-02 -1.702660901924267778e-01 1.962371192300985356e+01
2.225984673699257788e-02 -1.795044900933714938e-01 1.958426735185190282e+01
-1.403322160434117283e-02 -1.921209088336746640e-01 1.991672982781859957e+01
2.369574426788584320e-02 -1.738740312403968258e-01 1.969124050678712479e+01
4.874457378647968631e-02 -1.961324580848899934e-01 1.936921104561990958e+01
4.445218740052145345e-02 -1.491267184743848562e-01 1.954773470598896523e+01
3.484462679691297665e-02 -1.909945637999300172e-01 1.962752746927110081e+01
2.510206992316968769e-02 -1.829849493553402096e-01 1.958762663938080806e+01
3.447317381227443800e-02 -1.741261872372468766e-01 1.963956405097423286e+01
4.276827214608969197e-02 -1.651829098617491887e-01 1.925536455123845414e+01
8.079346577618079506e-02 -1.606283191596886428e-01 1.945517206361104456e+01
5.622348464170129345e-02 -1.708504695178022503e-01 1.944890654921680451e+01
5.270511417879813337e-02 -1.383683552140008988e-01 1.985085068194538138e+01
2.542344741332948355e-03 -1.617448759204264119e-01 1.958968654168240775e+01
2.507250380961972835e-02 -1.999643125903935725e-01 1.963581315235166613e+01
3.274781060341350192e-02 -2.034504327231315968e-01 1.933554460319107804e+01
4.369449973008809884e-02 -1.821307624072199260e-01 1.954977216431014142e+01
4.934615702058575692e-02 -1.940998907864158740e-01 1.951881974505355899e+01
6.383919347806985001e-02 -1.926425692171758186e-01 1.959790508622068828e+01
5.589562038260560695e-02 -1.814406224633282327e-01 1.958196304533314702e+01
3.644545609929569774e-02 -1.900434094107988636e-01 1.962503970068064518e+01
4.130123499139260607e-02 -1.833476015510809853e-01 1.971089076344928159e+01
1.764746755115652321e-02 -1.834527463127661184e-01 1.971828751071344854e+01
2.263374994091840037e-02 -1.805877041891068846e-01 1.935802089397652992e+01
3.247651582894967720e-02 -1.538130448804831962e-01 1.905311345108569654e+01
3.902120374591982327e-02 -1.791839843985900682e-01 1.977745889996732132e+01
4.513943509227979350e-02 -1.651460633731565986e-01 1.959203671867507524e+01
2.554756051186303500e-02 -1.796160927516302352e-01 1.930476983007367764e+01
4.630586592470193469e-02 -1.813739819157602629e-01 1.953685642238749764e+01
3.994543921621755700e-02 -2.101276092698369236e-01 1.950575850712537473e+01
6.167242479424428492e-02 -1.478858525601462193e-01 1.920767515178674856e+01
1.208776693112053463e-02 -2.144314302469323141e-01 1.972168211239528191e+01
4.228924503211832497e-02 -2.134827020981907297e-01 1.979803810179352652e+01
2.539001651749424326e-02 -2.124645781985667337e-01 1.937724568486567378e+01
3.235721362575991189e-02 -1.983107807694047819e-01 1.945518293712256508e+01
5.135718403503385099e-02 -1.991811703981122839e-01 1.977234242618803961e+01
4.037890337066663005e-02 -1.926224957774184954e-01 1.947188333007689209e+01
1.389066431849427657e-02 -2.109268398332290462e-01 1.929820925160637302e+01
5.758209165634682603e-02 -1.757870794171632334e-01 1.978074117834311352e+01
2.972365080987755120e-02 -1.523875903277853716e-01 1.961673081728989487e+01
4.698108756445908141e-02 -1.942223181745112159e-01 1.948343421871154746e+01
3.332520094841665698e-02 -1.613658553676242113e-01 1.990421907747634478e+01
3.242084840672292134e-02 -1.959776812700274040e-01 1.956791822750103194e+01
3.190523099218810221e-02 -1.645628521155101942e-01 1.930062499185874358e+01
-6.099221104871301036e-03 -2.043428099240533757e-01 1.967630903736053227e+01
6.282676541515118396e-02 -1.556132990182174380e-01 1.960914294235879751e+01
4.180498076004039026e-02 -1.862578946360136101e-01 1.953996765161776850e+01
3.009369882758513443e-02 -1.730933288515708324e-01 1.989404991865983163e+01
2.900253038237109171e-02 -1.854248835684993435e-01 1.962162997063902381e+01
2.166305343448259035e-02 -1.900341026689708890e-01 1.947619302707071043e+01
2.622966387036393052e-02 -1.814566948442530581e-01 1.970283805557758328e+01
1.738702976884166918e-02 -1.889665067981762259e-01 1.976771885251224248e+01
2.792619856990431748e-02 -1.649529132385139096e-01 1.967608446972089098e+01
-1.019940472116992458e-02 -1.656597874290752226e-01 1.978368011290021400e+01
4.173486432861425732e-02 -1.532590958246910773e-01 1.925064767502044916e+01
3.966438081030709828e-02 -1.796745200623629801e-01 1.953576902771385093e+01
2.632176867381225485e-02 -1.894097178788909375e-01 1.952809274458583388e+01
1.943544063633931285e-02 -1.733522251168037320e-01 1.960153801617731517e+01
4.193879443607766155e-02 -2.018893583174710959e-01 1.965904046585817611e+01
3.695938794399444838e-02 -1.791622635712423195e-01 1.941829263063518951e+01
4.491168169468660182e-02 -1.592949882665132821e-01 1.944279433630569542e+01
2.517210581140402401e-02 -1.946577054781660765e-01 1.956589602537117756e+01
2.119659580596635826e-02 -1.979718292542005931e-01 1.959773539539500575e+01
1.114619810397305191e-02 -1.930925932298605818e-01 1.974165739931990160e+01
4.585066237157323782e-02 -1.862858986341278389e-01 1.974694161599660802e+01
1.352981567104813085e-02 -1.731445315541507157e-01 1.996800126991638891e+01
1.905909642968575679e-02 -1.728394900334541684e-01 1.955546933620883010e+01
1.424247376989643335e-02 -1.835779507184009951e-01 1.914544322874908033e+01
7.423249088164426968e-02 -1.880360310593193196e-01 1.971197991435174046e+01
7.267927661002079875e-02 -1.906715256523225654e-01 1.962933283589335431e+01
3.949475232844223971e-03 -1.598400224865293706e-01 1.970843046127436793e+01
9.274742227433771524e-02 -1.902556212148761028e-01 1.950539023178710352e+01
7.984296184214912523e-03 -1.574247067724930393e-01 1.944470643096945039e+01
5.436569214041137715e-02 -1.939528380368368277e-01 1.957612916764497157e+01
2.336029614600874937e-02 -1.503281406534967557e-01 1.955093688965336440e+01
5.913591509609514296e-02 -1.622160475305599869e-01 1.981114578555017758e+01
1.577146920804848446e-02 -1.488673008822744559e-01 1.959374374053173895e+01
1.855746313383598023e-02 -1.875277796040626943e-01 1.975820183810312614e+01
2.539821555400701564e-02 -1.409575269186670310e-01 1.956170746703583418e+01
2.837785772954614164e-02 -1.660810992913886175e-01 1.947183078154774805e+01
1.941423034877535689e-02 -1.844729213064037199e-01 1.953863947467745632e+01
4.663274006515971681e-02 -2.018477233848001706e-01 1.927992258783647372e+01
1.310765755168611518e-02 -1.726396258605895906e-01 1.956260186029993520e+01
4.548143859192431415e-02 -1.614556786938201038e-01 1.967891794689057150e+01
6.564074685701161427e-02 -1.921318161483109854e-01 1.947911655539819620e+01
-2.287390146987706985e-03 -1.466169872429641252e-01 1.971775012805008842e+01
4.035319760665963956e-02 -1.990648074367540876e-01 1.976214642187623483e+01
5.080327900666975482e-02 -1.888758718371343626e-01 1.963714773359858867e+01
3.635586152284243228e-02 -1.768372148368325125e-01 1.960642964362152085e+01
7.246912660346858936e-02 -2.127204271450445494e-01 1.958387723449265749e+01
4.839955931739015060e-02 -1.927423397113585402e-01 1.915941586002508501e+01
9.442290092438679339e-02 -1.897400096292365390e-01 1.950744886263201039e+01
2.088044543358213295e-02 -1.566524582395056320e-01 1.952705192098489917e+01
2.467428529824382266e-02 -1.643250467662467351e-01 1.951310375613180170e+01
5.849353017083690209e-02 -1.917589359130448812e-01 1.953977187650423275e+01
2.296688638551730791e-02 -1.876802459902792153e-01 1.923758064669135948e+01
3.590152551821729210e-02 -1.791990920896743833e-01 1.940045653504860823e+01
5.071042359238541603e-02 -1.621433389576748263e-01 1.946956113177196457e+01
3.558231731850516888e-02 -1.738175702621018170e-01 1.959641472475859203e+01
5.707737295329404215e-02 -2.031306576303526512e-01 1.950089850820977233e+01
5.628665836440435721e-02 -1.720650183787689191e-01 1.957738830866383495e+01
4.731946249776400326e-02 -1.886640702370842027e-01 1.945171601082242319e+01
5.275998187481012458e-02 -1.739483600172122002e-01 1.978630074540088302e+01
4.007480518172191336e-02 -1.897109636017950129e-01 1.932139832888641351e+01
2.656752286341950570e-02 -1.810264818736112280e-01 1.941316262302580498e+01
3.438947348456367070e-02 -2.143994826414544752e-01 1.936318631257200451e+01
2.307367536762022775e-02 -1.837785397162541856e-01 1.954038545737522270e+01
9.049451782710812853e-02 -1.902850310122446431e-01 1.967523655200105281e+01
3.258184895363581968e-02 -1.875077527164988600e-01 1.944020474333762394e+01
4.758740149882998566e-02 -1.735772121970612925e-01 1.978513695790735838e+01
4.645583707951675412e-02 -1.671362835719112372e-01 1.915670352692297129e+01
5.399249270753225111e-02 -1.920918480329951161e-01 1.957309024200863590e+01
2.455280385789883335e-03 -1.677824804266953018e-01 1.974568811440433080e+01
5.189888230539795033e-02 -1.448603308667416600e-01 1.967219239658761865e+01
4.950751840225232903e-03 -1.756177302772989057e-01 1.998704054266878316e+01
2.652010723366960560e-02 -1.777919330278993071e-01 1.961075150965143621e+01
4.645903796362224614e-02 -1.843931005859293093e-01 1.945378072379693535e+01
5.364469427404103957e-02 -1.895889029354329847e-01 1.948773750519377757e+01
3.052885509279338466e-02 -1.845426969106431225e-01 1.949369206444954017e+01
3.779835075231847280e-02 -1.773740308530521725e-01 1.974728800515903515e+01
3.983136227844900207e-02 -1.825796634741578828e-01 1.940138861658892111e+01
4.095814353393033985e-02 -1.967896034545520423e-01 1.942597939039107757e+01
7.020026214815655585e-02 -1.435196400947091611e-01 1.959904396149683947e+01
4.457042598890604418e-02 -1.630082264201243580e-01 1.966039290440882326e+01
4.158117549539851188e-02 -2.372406931441972122e-01 1.941477968556260691e+01
6.257650679742826627e-02 -1.773025165145486193e-01 1.926005118302034447e+01
5.976789471171520263e-02 -1.794815896827761659e-01 1.958289488062166583e+01
3.646368245523674834e-02 -1.588543089934275621e-01 1.971176750680298539e+01
3.702651664623841238e-02 -1.847084330165748856e-01 1.957920981897677137e+01
7.851624130902457033e-02 -1.585216588501606183e-01 1.950418505188039120e+01
2.309561232762154595e-02 -1.836234923560991494e-01 1.961125081174206741e+01
5.001324154582853510e-02 -1.817480060633853423e-01 1.954895672257374528e+01
4.905697170964608278e-02 -1.701326489296406397e-01 1.963279581213225811e+01
5.120762676395779200e-02 -1.926693703649144107e-01 1.968556102098448335e+01
3.898115095331451674e-02 -1.515086954645840089e-01 1.996472131437989717e+01
4.582344736878328495e-02 -1.697676093757959914e-01 1.974380621469343922e+01
3.242409840573340363e-02 -1.873562282663549516e-01 1.939264592165408274e+01
1.640683232291989882e-02 -1.728011555480001293e-01 1.965373059372358355e+01
6.775689439543799986e-02 -1.771764709736721455e-01 1.937702477707999549e+01
7.721384328588262735e-02 -2.283145633912374850e-01 1.943238370562900386e+01
3.465278736409710403e-02 -1.583374501649956467e-01 1.999727415818813014e+01
2.138735419106875535e-02 -1.671858591825030049e-01 1.952286042796287902e+01
6.723667002909256007e-02 -1.814236644469626181e-01 1.954761108641717371e+01
4.033446420413203115e-02 -1.834754588848829804e-01 1.942159051218930443e+01
4.418391920168104198e-02 -2.027681171439976171e-01 1.955942159283198833e+01
2.778036347038329371e-02 -1.843404425554953652e-01 1.962070887644933492e+01
2.581326120614120534e-02 -1.994150903335288882e-01 1.965509711817778182e+01
6.357970467470185072e-03 -1.951266491503915734e-01 1.960639834017960581e+01
3.412169924043433056e-02 -1.787208625428248765e-01 1.967998860653709059e+01
1.786518318584298659e-02 -1.650437736394817778e-01 1.958513463957884682e+01
7.024145139582031738e-02 -2.314747767219875463e-01 1.954669886333110540e+01
4.891896760645740583e-02 -1.992788973402987163e-01 1.969190734253334796e+01
6.490005634951268032e-02 -2.042699423580103257e-01 1.970176025000968068e+01
3.315539557118134251e-02 -2.155208562348379930e-01 1.952346170783732404e+01
3.726562324915337621e-02 -1.983095698466409429e-01 1.949301071518963724e+01
7.159387131711400509e-02 -1.879159306702734011e-01 1.963622766401038078e+01
4.455645903122764512e-02 -1.869807757995306241e-01 1.978086424235284824e+01
3.048381503164969419e-02 -1.850127266992532271e-01 1.936824494180363843e+01
5.472437495547775865e-02 -1.863363770028630684e-01 1.984849741587590444e+01
3.390501582823858551e-02 -1.836597360054585681e-01 1.993048607821680918e+01
2.536395675979807515e-02 -1.952251039840370295e-01 1.941030925434116838e+01
3.838973158321054568e-02 -2.107248069305885374e-01 1.944502853305528234e+01
8.393545162182717428e-03 -1.589634318455866446e-01 1.964005519300848590e+01
2.281231220988948899e-02 -1.817193135063860099e-01 1.966837530072968931e+01
2.587082840388151006e-02 -1.646813802091988688e-01 1.949606505329852624e+01
1.610861559873945359e-02 -1.754805991566397161e-01 1.924307675952672980e+01
6.176019328718321266e-02 -1.481058630360924944e-01 1.945779856493470561e+01
4.361488963849309564e-02 -1.909464257216891281e-01 1.959690364301808074e+01
5.420716984933222904e-02 -1.709415367603325520e-01 1.959973960867294807e+01
3.889057777706662195e-02 -1.766770124821808452e-01 1.950430286491642562e+01
3.516483881519904403e-02 -1.625784418647014395e-01 1.942258485902580389e+01
3.386693648208173590e-02 -1.905916943135694541e-01 1.949581593286798409e+01
7.092713585282940658e-03 -1.617068451233412418e-01 1.958970275645056702e+01
4.322799085136899006e-02 -2.157111162457660269e-01 1.970041273592164899e+01
7.817020086951442792e-02 -1.623683185319303446e-01 1.976504295913366960e+01
3.583762296119059887e-02 -2.125439802179846516e-01 1.954026863965311733e+01
4.755029198242577415e-02 -1.958796959850817032e-01 1.938060459911248046e+01
4.411234900411398208e-02 -1.960231405528226056e-01 1.936495359932383309e+01
4.020497609118282162e-02 -1.910000293059424814e-01 1.976422687528353705e+01
5.226772211274572505e-02 -1.489166307860246286e-01 1.952036423034878609e+01
3.296309638619154131e-02 -2.241050861379771109e-01 1.966477941698619958e+01
5.287675803736358038e-02 -1.649053480595550070e-01 1.999309378729035203e+01
5.576554944313197315e-02 -2.065260109309786651e-01 1.938543166473506574e+01
6.441025451191380313e-02 -1.775579413242359961e-01 1.932344054311669268e+01
3.094947354590943042e-02 -2.085245007747195400e-01 1.933313834379815432e+01
2.600498463868683788e-02 -2.030033903785103122e-01 1.933121180753964907e+01
5.669280735005510774e-02 -1.649228927185847904e-01 1.953515167972476618e+01
-1.642012512552285669e-02 -1.628624591183840953e-01 1.942418026804095987e+01
2.309656947001672775e-02 -2.102603369960227009e-01 1.961907358530586265e+01
5.867217734949867897e-02 -2.204706993500996637e-01 1.972249951849456195e+01
3.394498341057401725e-02 -1.843211417487946591e-01 1.963317920739696731e+01
9.853554180988918776e-03 -1.626118210024064537e-01 1.942298157656613711e+01
6.119158308192185203e-02 -1.900753097674700021e-01 1.951403691193857881e+01
-5.932089935420312155e-04 -1.644036229375374081e-01 1.931188798504588178e+01
3.495971843783760025e-02 -2.068583293843223869e-01 1.928049457536011246e+01
4.286081194611062600e-02 -1.706354805706829514e-01 1.965651087992294066e+01
7.165329990847391084e-02 -1.606356843006042090e-01 1.935443311587185988e+01
1.071664648119812630e-02 -1.611733910959429472e-01 1.948996407729088176e+01
5.597836887989542792e-02 -1.782230971689922339e-01 1.977909500313332103e+01
4.787880164217149515e-02 -1.846495558614054400e-01 1.981395397537655967e+01
6.181414279584723781e-02 -1.755101422794609900e-01 1.964720806416106313e+01
5.254549114358458839e-02 -1.798425570727260336e-01 1.970850713879627492e+01
2.140291880856984991e-02 -1.890875932597531894e-01 1.948021905448264235e+01
5.573622331628630411e-02 -2.006872149275834016e-01 1.981641014320997840e+01
6.515122991197819236e-02 -2.318772950513340869e-01 1.955134512858398566e+01
4.061584220543731916e-02 -1.791804649887656642e-01 1.943899067592578334e+01
4.736570338964787852e-02 -1.714763685657562930e-01 1.950489806786617208e+01
2.795718108214144751e-02 -1.584755565374556530e-01 1.969703406384030586e+01
5.070126501602201935e-02 -1.922247524899940163e-01 1.957521655331508370e+01
5.979482314737900872e-02 -1.986897077140613865e-01 1.979404936390694658e+01
2.351937449646837597e-02 -1.994796898705390176e-01 1.954358413336388978e+01
7.931484663494922649e-02 -1.911699501087630870e-01 1.944014111313104820e+01
3.206566454920238562e-02 -1.800679210352576498e-01 1.964569678186162704e+01
5.149593169502818257e-02 -1.680036854836361726e-01 1.965091904545943180e+01
8.775253630308123276e-02 -1.676351579617856025e-01 1.940815941463682748e+01
5.984648075910450893e-02 -1.930996217050848229e-01 1.956551683972432087e+01
5.134936033844276354e-02 -1.834691904933623274e-01 1.950530394204776030e+01
5.126491455494477933e-02 -1.934737684124929191e-01 1.967268054580737058e+01
1.495757435018222475e-02 -1.648152448408098936e-01 1.944400840945719366e+01
1.311586309691871108e-02 -1.736615798778042286e-01 1.959425756898388116e+01
1.214448839233231783e-02 -1.734069345853766486e-01 1.959525023635131902e+01
5.201949048424834438e-02 -1.586016924962420638e-01 1.951254933214865517e+01
3.384254916520931106e-02 -1.708065502999959184e-01 1.955789486537414490e+01
5.047049033476617985e-02 -1.808563051065514848e-01 1.979650759484892930e+01
7.634826464030618209e-02 -1.682540970977818018e-01 1.968559740720323248e+01
6.212644347267355649e-02 -1.857582487296277618e-01 1.954194703740037653e+01
8.167763699532128163e-03 -1.879843879492069381e-01 1.941596866991123704e+01
3.546942559570163966e-02 -1.632002265139509412e-01 1.945007716715047152e+01
6.544988582494930263e-02 -1.623848706317298773e-01 1.965529349422596184e+01
1.269952393793397430e-02 -2.048459632152795085e-01 1.955693205161804826e+01
5.776818665115009133e-02 -1.771342194459907537e-01 1.928766601800083791e+01
4.107442933071460411e-02 -1.953743454100439203e-01 1.989278321252614035e+01
3.051870182157183364e-03 -1.616397034359555451e-01 1.965545599573245639e+01
5.275572652057398254e-02 -1.895660748552115415e-01 1.961601510160143746e+01
5.169433322724165114e-02 -1.458630749920598602e-01 1.976211356369226024e+01
4.440083965166335273e-02 -1.632237553932871510e-01 1.926670996486531351e+01
8.615708148470063721e-02 -1.611809935526819781e-01 1.961810841595404398e+01
2.992915827913084081e-03 -1.745868863420211303e-01 1.931357783539996831e+01
4.117209481112350106e-02 -2.252455438180014924e-01 1.947323805149598641e+01
2.731380474852371926e-02 -1.840845119799191243e-01 1.944357982006699714e+01
5.277058674862794563e-02 -1.661559979786962349e-01 1.946118430818396305e+01
5.051750143583486757e-02 -1.723162850969736093e-01 1.973791894343530018e+01
7.197354952667853190e-02 -1.728424684019541913e-01 1.957888732367654328e+01
4.702386704375680071e-02 -1.832616802608064144e-01 1.966664782124519206e+01
7.412651466336972472e-02 -1.923379338658409154e-01 1.941203389249116640e+01
4.958103706664755694e-02 -1.641390392690787181e-01 1.964712650389337512e+01
1.934733589265125522e-02 -1.966398535016858073e-01 1.961807693515823559e+01
2.308743702373239684e-02 -1.988482883025867454e-01 1.930277939309396373e+01
4.033798188163694592e-02 -1.926822408388378649e-01 1.946996816649715711e+01
7.484560778276122539e-02 -1.991557061834652309e-01 1.944493194479800380e+01
6.557838743479586785e-02 -1.899211696320145526e-01 1.977860366244043888e+01
5.004480973639342106e-02 -1.794635717049820889e-01 1.938096553284497858e+01
6.500025295062669684e-02 -1.674367186026063103e-01 1.957635134784665709e+01
2.755219974946957612e-02 -1.573955949380186070e-01 1.944561528284243224e+01
1.774052085485335051e-02 -1.935984525810126311e-01 1.922359029145219722e+01
6.209163721948013359e-02 -1.761137070971710017e-01 1.962233213988355374e+01
4.417913029087465471e-02 -1.635966976496091574e-01 1.935240230773267456e+01
6.150833517561195285e-02 -2.128543182836921954e-01 1.941850720055602153e+01
1.234529806356212539e-02 -1.943000669010616632e-01 1.965146106837590878e+01
3.016001307583986157e-02 -1.820081000895367729e-01 1.959401415949846736e+01
6.423922373712087630e-02 -1.621688636747708190e-01 1.976684288667202338e+01
5.845392015185679052e-02 -2.106579175472673704e-01 1.973667346037964876e+01
8.728469976303027122e-02 -1.597845230559199470e-01 1.964902475813807570e+01
2.451488797967338318e-02 -1.662184091860631763e-01 1.945583232406290719e+01
5.741254458993289012e-02 -2.016167825992330465e-01 1.958219596193658774e+01
6.847010439877798671e-02 -2.128530508685176625e-01 1.923664336099802341e+01
5.182517950145835994e-02 -2.215112305499657985e-01 1.947595368077004707e+01
3.061031140887679469e-02 -2.157241473016503486e-01 1.968847684414699373e+01
3.202693263058924850e-02 -1.758800796637947916e-01 1.958655858528244664e+01
4.664656039226900558e-02 -1.755230923167583612e-01 1.980455731316630974e+01
4.719442987573740922e-02 -1.982120889705168143e-01 1.943312687267651739e+01
4.405823355265969798e-02 -1.635182410881687309e-01 1.968637945841980397e+01
5.337510195568668375e-02 -1.615263444771637136e-01 1.940777309539597084e+01
4.294540544237628044e-02 -1.615840018528046373e-01 1.954519215063478299e+01
3.395232761513247710e-02 -1.851476471694261106e-01 1.993302671229545808e+01
4.848841501747928884e-02 -1.807818005297033015e-01 1.950198700367887028e+01
6.253535802039088265e-02 -1.727107691833203451e-01 1.969221034349144972e+01
5.274400989722904942e-02 -1.688841498505560534e-01 1.961578831793648092e+01
4.079582357894319389e-02 -1.989037426133858089e-01 1.966742581310460025e+01
1.106591801752996804e-02 -1.976940385498243691e-01 1.949823466511071146e+01
1.171352830257169075e-03 -1.538830639314364979e-01 1.951440997709453029e+01
5.546900585982954268e-02 -1.847987790244004225e-01 1.946055035433558444e+01
6.035836866903371983e-02 -1.665298387857609419e-01 1.953661745121132398e+01
6.435246687807295862e-02 -1.654284045149255478e-01 1.961486341856333127e+01
4.353014649761349775e-02 -1.750734045548528739e-01 1.950531787989527999e+01
4.629665698947026120e-02 -1.793698802466949793e-01 1.935692852168219957e+01
8.976052708396717317e-02 -1.605434259869222835e-01 1.950026972004141257e+01
4.125876105014782136e-02 -1.812020600842849383e-01 1.967790105927071309e+01
4.892932029294461832e-02 -1.597062640785187893e-01 1.944930698921843515e+01
-1.138753872021919245e-03 -1.784281792770953667e-01 1.950438443264881982e+01
6.438306409032960864e-02 -1.733874626681629061e-01 1.952826945905570355e+01
2.378232906922179285e-02 -2.259155605040022163e-01 1.942790315152427283e+01
