  -0.40000000E+01   0.24000000E+02    2800   0.10000000E-01
  -0.40000000E+01   0.13496422E+01
  -0.39900000E+01   0.13493490E+01
  -0.39800000E+01   0.13490557E+01
  -0.39700000E+01   0.13487621E+01
  -0.39600000E+01   0.13484685E+01
  -0.39500000E+01   0.13481747E+01
  -0.39400000E+01   0.13478806E+01
  -0.39300000E+01   0.13475864E+01
  -0.39200000E+01   0.13472921E+01
  -0.39100000E+01   0.13469975E+01
  -0.39000000E+01   0.13467028E+01
  -0.38900000E+01   0.13464079E+01
  -0.38800000E+01   0.13461128E+01
  -0.38700000E+01   0.13458176E+01
  -0.38600000E+01   0.13455222E+01
  -0.38500000E+01   0.13452266E+01
  -0.38400000E+01   0.13449308E+01
  -0.38300000E+01   0.13446349E+01
  -0.38200000E+01   0.13443389E+01
  -0.38100000E+01   0.13440425E+01
  -0.38000000E+01   0.13437461E+01
  -0.37900000E+01   0.13434495E+01
  -0.37800000E+01   0.13431527E+01
  -0.37700000E+01   0.13428557E+01
  -0.37600000E+01   0.13425585E+01
  -0.37500000E+01   0.13422612E+01
  -0.37400000E+01   0.13419637E+01
  -0.37300000E+01   0.13416660E+01
  -0.37200000E+01   0.13413682E+01
  -0.37100000E+01   0.13410702E+01
  -0.37000000E+01   0.13407719E+01
  -0.36900000E+01   0.13404736E+01
  -0.36800000E+01   0.13401750E+01
  -0.36700000E+01   0.13398762E+01
  -0.36600000E+01   0.13395773E+01
  -0.36500000E+01   0.13392783E+01
  -0.36400000E+01   0.13389790E+01
  -0.36300000E+01   0.13386796E+01
  -0.36200000E+01   0.13383799E+01
  -0.36100000E+01   0.13380801E+01
  -0.36000000E+01   0.13377801E+01
  -0.35900000E+01   0.13374800E+01
  -0.35800000E+01   0.13371796E+01
  -0.35700000E+01   0.13368791E+01
  -0.35600000E+01   0.13365784E+01
  -0.35500000E+01   0.13362776E+01
  -0.35400000E+01   0.13359765E+01
  -0.35300000E+01   0.13356753E+01
  -0.35200000E+01   0.13353739E+01
  -0.35100000E+01   0.13350723E+01
  -0.35000000E+01   0.13347705E+01
  -0.34900000E+01   0.13344686E+01
  -0.34800000E+01   0.13341664E+01
  -0.34700000E+01   0.13338641E+01
  -0.34600000E+01   0.13335616E+01
  -0.34500000E+01   0.13332589E+01
  -0.34400000E+01   0.13329561E+01
  -0.34300000E+01   0.13326531E+01
  -0.34200000E+01   0.13323499E+01
  -0.34100000E+01   0.13320465E+01
  -0.34000000E+01   0.13317429E+01
  -0.33900000E+01   0.13314391E+01
  -0.33800000E+01   0.13311352E+01
  -0.33700000E+01   0.13308311E+01
  -0.33600000E+01   0.13305267E+01
  -0.33500000E+01   0.13302222E+01
  -0.33400000E+01   0.13299176E+01
  -0.33300000E+01   0.13296127E+01
  -0.33200000E+01   0.13293077E+01
  -0.33100000E+01   0.13290025E+01
  -0.33000000E+01   0.13286970E+01
  -0.32900000E+01   0.13283914E+01
  -0.32800000E+01   0.13280857E+01
  -0.32700000E+01   0.13277797E+01
  -0.32600000E+01   0.13274736E+01
  -0.32500000E+01   0.13271672E+01
  -0.32400000E+01   0.13268607E+01
  -0.32300000E+01   0.13265540E+01
  -0.32200000E+01   0.13262471E+01
  -0.32100000E+01   0.13259401E+01
  -0.32000000E+01   0.13256328E+01
  -0.31900000E+01   0.13253254E+01
  -0.31800000E+01   0.13250177E+01
  -0.31700000E+01   0.13247099E+01
  -0.31600000E+01   0.13244019E+01
  -0.31500000E+01   0.13240937E+01
  -0.31400000E+01   0.13237853E+01
  -0.31300000E+01   0.13234768E+01
  -0.31200000E+01   0.13231680E+01
  -0.31100000E+01   0.13228591E+01
  -0.31000000E+01   0.13225500E+01
  -0.30900000E+01   0.13222407E+01
  -0.30800000E+01   0.13219312E+01
  -0.30700000E+01   0.13216215E+01
  -0.30600000E+01   0.13213116E+01
  -0.30500000E+01   0.13210015E+01
  -0.30400000E+01   0.13206913E+01
  -0.30300000E+01   0.13203808E+01
  -0.30200000E+01   0.13200702E+01
  -0.30100000E+01   0.13197594E+01
  -0.30000000E+01   0.13194484E+01
  -0.29900000E+01   0.13191371E+01
  -0.29800000E+01   0.13188258E+01
  -0.29700000E+01   0.13185142E+01
  -0.29600000E+01   0.13182024E+01
  -0.29500000E+01   0.13178904E+01
  -0.29400000E+01   0.13175783E+01
  -0.29300000E+01   0.13172659E+01
  -0.29200000E+01   0.13169534E+01
  -0.29100000E+01   0.13166407E+01
  -0.29000000E+01   0.13163277E+01
  -0.28900000E+01   0.13160146E+01
  -0.28800000E+01   0.13157013E+01
  -0.28700000E+01   0.13153878E+01
  -0.28600000E+01   0.13150741E+01
  -0.28500000E+01   0.13147602E+01
  -0.28400000E+01   0.13144462E+01
  -0.28300000E+01   0.13141319E+01
  -0.28200000E+01   0.13138174E+01
  -0.28100000E+01   0.13135028E+01
  -0.28000000E+01   0.13131879E+01
  -0.27900000E+01   0.13128729E+01
  -0.27800000E+01   0.13125576E+01
  -0.27700000E+01   0.13122422E+01
  -0.27600000E+01   0.13119266E+01
  -0.27500000E+01   0.13116107E+01
  -0.27400000E+01   0.13112947E+01
  -0.27300000E+01   0.13109785E+01
  -0.27200000E+01   0.13106621E+01
  -0.27100000E+01   0.13103455E+01
  -0.27000000E+01   0.13100287E+01
  -0.26900000E+01   0.13097117E+01
  -0.26800000E+01   0.13093945E+01
  -0.26700000E+01   0.13090771E+01
  -0.26600000E+01   0.13087595E+01
  -0.26500000E+01   0.13084417E+01
  -0.26400000E+01   0.13081238E+01
  -0.26300000E+01   0.13078056E+01
  -0.26200000E+01   0.13074872E+01
  -0.26100000E+01   0.13071686E+01
  -0.26000000E+01   0.13068499E+01
  -0.25900000E+01   0.13065309E+01
  -0.25800000E+01   0.13062117E+01
  -0.25700000E+01   0.13058924E+01
  -0.25600000E+01   0.13055728E+01
  -0.25500000E+01   0.13052530E+01
  -0.25400000E+01   0.13049331E+01
  -0.25300000E+01   0.13046129E+01
  -0.25200000E+01   0.13042925E+01
  -0.25100000E+01   0.13039720E+01
  -0.25000000E+01   0.13036512E+01
  -0.24900000E+01   0.13033302E+01
  -0.24800000E+01   0.13030091E+01
  -0.24700000E+01   0.13026877E+01
  -0.24600000E+01   0.13023661E+01
  -0.24500000E+01   0.13020444E+01
  -0.24400000E+01   0.13017224E+01
  -0.24300000E+01   0.13014002E+01
  -0.24200000E+01   0.13010778E+01
  -0.24100000E+01   0.13007553E+01
  -0.24000000E+01   0.13004325E+01
  -0.23900000E+01   0.13001095E+01
  -0.23800000E+01   0.12997863E+01
  -0.23700000E+01   0.12994629E+01
  -0.23600000E+01   0.12991393E+01
  -0.23500000E+01   0.12988155E+01
  -0.23400000E+01   0.12984915E+01
  -0.23300000E+01   0.12981673E+01
  -0.23200000E+01   0.12978429E+01
  -0.23100000E+01   0.12975183E+01
  -0.23000000E+01   0.12971935E+01
  -0.22900000E+01   0.12968685E+01
  -0.22800000E+01   0.12965432E+01
  -0.22700000E+01   0.12962178E+01
  -0.22600000E+01   0.12958922E+01
  -0.22500000E+01   0.12955663E+01
  -0.22400000E+01   0.12952403E+01
  -0.22300000E+01   0.12949140E+01
  -0.22200000E+01   0.12945875E+01
  -0.22100000E+01   0.12942609E+01
  -0.22000000E+01   0.12939340E+01
  -0.21900000E+01   0.12936069E+01
  -0.21800000E+01   0.12932796E+01
  -0.21700000E+01   0.12929521E+01
  -0.21600000E+01   0.12926244E+01
  -0.21500000E+01   0.12922965E+01
  -0.21400000E+01   0.12919684E+01
  -0.21300000E+01   0.12916400E+01
  -0.21200000E+01   0.12913115E+01
  -0.21100000E+01   0.12909827E+01
  -0.21000000E+01   0.12906538E+01
  -0.20900000E+01   0.12903246E+01
  -0.20800000E+01   0.12899952E+01
  -0.20700000E+01   0.12896656E+01
  -0.20600000E+01   0.12893358E+01
  -0.20500000E+01   0.12890058E+01
  -0.20400000E+01   0.12886756E+01
  -0.20300000E+01   0.12883452E+01
  -0.20200000E+01   0.12880145E+01
  -0.20100000E+01   0.12876837E+01
  -0.20000000E+01   0.12873526E+01
  -0.19900000E+01   0.12870213E+01
  -0.19800000E+01   0.12866898E+01
  -0.19700000E+01   0.12863581E+01
  -0.19600000E+01   0.12860262E+01
  -0.19500000E+01   0.12856941E+01
  -0.19400000E+01   0.12853617E+01
  -0.19300000E+01   0.12850292E+01
  -0.19200000E+01   0.12846964E+01
  -0.19100000E+01   0.12843634E+01
  -0.19000000E+01   0.12840302E+01
  -0.18900000E+01   0.12836968E+01
  -0.18800000E+01   0.12833632E+01
  -0.18700000E+01   0.12830293E+01
  -0.18600000E+01   0.12826953E+01
  -0.18500000E+01   0.12823610E+01
  -0.18400000E+01   0.12820265E+01
  -0.18300000E+01   0.12816918E+01
  -0.18200000E+01   0.12813569E+01
  -0.18100000E+01   0.12810218E+01
  -0.18000000E+01   0.12806864E+01
  -0.17900000E+01   0.12803508E+01
  -0.17800000E+01   0.12800151E+01
  -0.17700000E+01   0.12796790E+01
  -0.17600000E+01   0.12793428E+01
  -0.17500000E+01   0.12790064E+01
  -0.17400000E+01   0.12786697E+01
  -0.17300000E+01   0.12783329E+01
  -0.17200000E+01   0.12779958E+01
  -0.17100000E+01   0.12776584E+01
  -0.17000000E+01   0.12773209E+01
  -0.16900000E+01   0.12769832E+01
  -0.16800000E+01   0.12766452E+01
  -0.16700000E+01   0.12763070E+01
  -0.16600000E+01   0.12759686E+01
  -0.16500000E+01   0.12756300E+01
  -0.16400000E+01   0.12752911E+01
  -0.16300000E+01   0.12749520E+01
  -0.16200000E+01   0.12746127E+01
  -0.16100000E+01   0.12742732E+01
  -0.16000000E+01   0.12739335E+01
  -0.15900000E+01   0.12735935E+01
  -0.15800000E+01   0.12732533E+01
  -0.15700000E+01   0.12729129E+01
  -0.15600000E+01   0.12725723E+01
  -0.15500000E+01   0.12722315E+01
  -0.15400000E+01   0.12718904E+01
  -0.15300000E+01   0.12715491E+01
  -0.15200000E+01   0.12712076E+01
  -0.15100000E+01   0.12708658E+01
  -0.15000000E+01   0.12705239E+01
  -0.14900000E+01   0.12701817E+01
  -0.14800000E+01   0.12698392E+01
  -0.14700000E+01   0.12694966E+01
  -0.14600000E+01   0.12691537E+01
  -0.14500000E+01   0.12688106E+01
  -0.14400000E+01   0.12684673E+01
  -0.14300000E+01   0.12681238E+01
  -0.14200000E+01   0.12677800E+01
  -0.14100000E+01   0.12674360E+01
  -0.14000000E+01   0.12670918E+01
  -0.13900000E+01   0.12667473E+01
  -0.13800000E+01   0.12664027E+01
  -0.13700000E+01   0.12660578E+01
  -0.13600000E+01   0.12657126E+01
  -0.13500000E+01   0.12653673E+01
  -0.13400000E+01   0.12650217E+01
  -0.13300000E+01   0.12646758E+01
  -0.13200000E+01   0.12643298E+01
  -0.13100000E+01   0.12639835E+01
  -0.13000000E+01   0.12636370E+01
  -0.12900000E+01   0.12632903E+01
  -0.12800000E+01   0.12629433E+01
  -0.12700000E+01   0.12625961E+01
  -0.12600000E+01   0.12622487E+01
  -0.12500000E+01   0.12619010E+01
  -0.12400000E+01   0.12615531E+01
  -0.12300000E+01   0.12612050E+01
  -0.12200000E+01   0.12608567E+01
  -0.12100000E+01   0.12605081E+01
  -0.12000000E+01   0.12601593E+01
  -0.11900000E+01   0.12598102E+01
  -0.11800000E+01   0.12594609E+01
  -0.11700000E+01   0.12591114E+01
  -0.11600000E+01   0.12587617E+01
  -0.11500000E+01   0.12584117E+01
  -0.11400000E+01   0.12580615E+01
  -0.11300000E+01   0.12577110E+01
  -0.11200000E+01   0.12573603E+01
  -0.11100000E+01   0.12570094E+01
  -0.11000000E+01   0.12566583E+01
  -0.10900000E+01   0.12563069E+01
  -0.10800000E+01   0.12559553E+01
  -0.10700000E+01   0.12556034E+01
  -0.10600000E+01   0.12552513E+01
  -0.10500000E+01   0.12548990E+01
  -0.10400000E+01   0.12545464E+01
  -0.10300000E+01   0.12541936E+01
  -0.10200000E+01   0.12538406E+01
  -0.10100000E+01   0.12534873E+01
  -0.10000000E+01   0.12531338E+01
  -0.99000000E+00   0.12527800E+01
  -0.98000000E+00   0.12524260E+01
  -0.97000000E+00   0.12520718E+01
  -0.96000000E+00   0.12517173E+01
  -0.95000000E+00   0.12513626E+01
  -0.94000000E+00   0.12510076E+01
  -0.93000000E+00   0.12506524E+01
  -0.92000000E+00   0.12502970E+01
  -0.91000000E+00   0.12499413E+01
  -0.90000000E+00   0.12495854E+01
  -0.89000000E+00   0.12492293E+01
  -0.88000000E+00   0.12488729E+01
  -0.87000000E+00   0.12485163E+01
  -0.86000000E+00   0.12481594E+01
  -0.85000000E+00   0.12478023E+01
  -0.84000000E+00   0.12474449E+01
  -0.83000000E+00   0.12470873E+01
  -0.82000000E+00   0.12467294E+01
  -0.81000000E+00   0.12463714E+01
  -0.80000000E+00   0.12460130E+01
  -0.79000000E+00   0.12456544E+01
  -0.78000000E+00   0.12452956E+01
  -0.77000000E+00   0.12449366E+01
  -0.76000000E+00   0.12445773E+01
  -0.75000000E+00   0.12442177E+01
  -0.74000000E+00   0.12438579E+01
  -0.73000000E+00   0.12434979E+01
  -0.72000000E+00   0.12431376E+01
  -0.71000000E+00   0.12427770E+01
  -0.70000000E+00   0.12424162E+01
  -0.69000000E+00   0.12420552E+01
  -0.68000000E+00   0.12416939E+01
  -0.67000000E+00   0.12413324E+01
  -0.66000000E+00   0.12409706E+01
  -0.65000000E+00   0.12406086E+01
  -0.64000000E+00   0.12402463E+01
  -0.63000000E+00   0.12398838E+01
  -0.62000000E+00   0.12395211E+01
  -0.61000000E+00   0.12391580E+01
  -0.60000000E+00   0.12387948E+01
  -0.59000000E+00   0.12384313E+01
  -0.58000000E+00   0.12380675E+01
  -0.57000000E+00   0.12377035E+01
  -0.56000000E+00   0.12373392E+01
  -0.55000000E+00   0.12369747E+01
  -0.54000000E+00   0.12366099E+01
  -0.53000000E+00   0.12362449E+01
  -0.52000000E+00   0.12358796E+01
  -0.51000000E+00   0.12355141E+01
  -0.50000000E+00   0.12351483E+01
  -0.49000000E+00   0.12347823E+01
  -0.48000000E+00   0.12344160E+01
  -0.47000000E+00   0.12340495E+01
  -0.46000000E+00   0.12336827E+01
  -0.45000000E+00   0.12333156E+01
  -0.44000000E+00   0.12329483E+01
  -0.43000000E+00   0.12325808E+01
  -0.42000000E+00   0.12322130E+01
  -0.41000000E+00   0.12318449E+01
  -0.40000000E+00   0.12314766E+01
  -0.39000000E+00   0.12311080E+01
  -0.38000000E+00   0.12307392E+01
  -0.37000000E+00   0.12303701E+01
  -0.36000000E+00   0.12300008E+01
  -0.35000000E+00   0.12296311E+01
  -0.34000000E+00   0.12292613E+01
  -0.33000000E+00   0.12288912E+01
  -0.32000000E+00   0.12285208E+01
  -0.31000000E+00   0.12281502E+01
  -0.30000000E+00   0.12277793E+01
  -0.29000000E+00   0.12274081E+01
  -0.28000000E+00   0.12270367E+01
  -0.27000000E+00   0.12266650E+01
  -0.26000000E+00   0.12262931E+01
  -0.25000000E+00   0.12259209E+01
  -0.24000000E+00   0.12255484E+01
  -0.23000000E+00   0.12251757E+01
  -0.22000000E+00   0.12248028E+01
  -0.21000000E+00   0.12244295E+01
  -0.20000000E+00   0.12240560E+01
  -0.19000000E+00   0.12236823E+01
  -0.18000000E+00   0.12233082E+01
  -0.17000000E+00   0.12229339E+01
  -0.16000000E+00   0.12225594E+01
  -0.15000000E+00   0.12221846E+01
  -0.14000000E+00   0.12218095E+01
  -0.13000000E+00   0.12214341E+01
  -0.12000000E+00   0.12210585E+01
  -0.11000000E+00   0.12206827E+01
  -0.10000000E+00   0.12203065E+01
  -0.90000000E-01   0.12199301E+01
  -0.80000000E-01   0.12195535E+01
  -0.70000000E-01   0.12191765E+01
  -0.60000000E-01   0.12187993E+01
  -0.50000000E-01   0.12184218E+01
  -0.40000000E-01   0.12180441E+01
  -0.30000000E-01   0.12176661E+01
  -0.20000000E-01   0.12172878E+01
  -0.10000000E-01   0.12169093E+01
   0.00000000E+00   0.12165305E+01
   0.10000000E-01   0.12161514E+01
   0.20000000E-01   0.12157720E+01
   0.30000000E-01   0.12153924E+01
   0.40000000E-01   0.12150125E+01
   0.50000000E-01   0.12146324E+01
   0.60000000E-01   0.12142519E+01
   0.70000000E-01   0.12138712E+01
   0.80000000E-01   0.12134903E+01
   0.90000000E-01   0.12131090E+01
   0.10000000E+00   0.12127275E+01
   0.11000000E+00   0.12123457E+01
   0.12000000E+00   0.12119636E+01
   0.13000000E+00   0.12115813E+01
   0.14000000E+00   0.12111987E+01
   0.15000000E+00   0.12108158E+01
   0.16000000E+00   0.12104327E+01
   0.17000000E+00   0.12100492E+01
   0.18000000E+00   0.12096655E+01
   0.19000000E+00   0.12092815E+01
   0.20000000E+00   0.12088973E+01
   0.21000000E+00   0.12085128E+01
   0.22000000E+00   0.12081279E+01
   0.23000000E+00   0.12077429E+01
   0.24000000E+00   0.12073575E+01
   0.25000000E+00   0.12069718E+01
   0.26000000E+00   0.12065859E+01
   0.27000000E+00   0.12061997E+01
   0.28000000E+00   0.12058133E+01
   0.29000000E+00   0.12054265E+01
   0.30000000E+00   0.12050395E+01
   0.31000000E+00   0.12046522E+01
   0.32000000E+00   0.12042646E+01
   0.33000000E+00   0.12038767E+01
   0.34000000E+00   0.12034885E+01
   0.35000000E+00   0.12031001E+01
   0.36000000E+00   0.12027114E+01
   0.37000000E+00   0.12023224E+01
   0.38000000E+00   0.12019331E+01
   0.39000000E+00   0.12015435E+01
   0.40000000E+00   0.12011537E+01
   0.41000000E+00   0.12007636E+01
   0.42000000E+00   0.12003732E+01
   0.43000000E+00   0.11999825E+01
   0.44000000E+00   0.11995915E+01
   0.45000000E+00   0.11992002E+01
   0.46000000E+00   0.11988087E+01
   0.47000000E+00   0.11984168E+01
   0.48000000E+00   0.11980247E+01
   0.49000000E+00   0.11976323E+01
   0.50000000E+00   0.11972396E+01
   0.51000000E+00   0.11968466E+01
   0.52000000E+00   0.11964534E+01
   0.53000000E+00   0.11960598E+01
   0.54000000E+00   0.11956660E+01
   0.55000000E+00   0.11952718E+01
   0.56000000E+00   0.11948774E+01
   0.57000000E+00   0.11944827E+01
   0.58000000E+00   0.11940877E+01
   0.59000000E+00   0.11936924E+01
   0.60000000E+00   0.11932968E+01
   0.61000000E+00   0.11929010E+01
   0.62000000E+00   0.11925048E+01
   0.63000000E+00   0.11921083E+01
   0.64000000E+00   0.11917116E+01
   0.65000000E+00   0.11913146E+01
   0.66000000E+00   0.11909172E+01
   0.67000000E+00   0.11905196E+01
   0.68000000E+00   0.11901217E+01
   0.69000000E+00   0.11897235E+01
   0.70000000E+00   0.11893250E+01
   0.71000000E+00   0.11889262E+01
   0.72000000E+00   0.11885271E+01
   0.73000000E+00   0.11881277E+01
   0.74000000E+00   0.11877280E+01
   0.75000000E+00   0.11873280E+01
   0.76000000E+00   0.11869278E+01
   0.77000000E+00   0.11865272E+01
   0.78000000E+00   0.11861263E+01
   0.79000000E+00   0.11857252E+01
   0.80000000E+00   0.11853237E+01
   0.81000000E+00   0.11849219E+01
   0.82000000E+00   0.11845199E+01
   0.83000000E+00   0.11841175E+01
   0.84000000E+00   0.11837148E+01
   0.85000000E+00   0.11833119E+01
   0.86000000E+00   0.11829086E+01
   0.87000000E+00   0.11825051E+01
   0.88000000E+00   0.11821012E+01
   0.89000000E+00   0.11816970E+01
   0.90000000E+00   0.11812926E+01
   0.91000000E+00   0.11808878E+01
   0.92000000E+00   0.11804827E+01
   0.93000000E+00   0.11800773E+01
   0.94000000E+00   0.11796717E+01
   0.95000000E+00   0.11792657E+01
   0.96000000E+00   0.11788594E+01
   0.97000000E+00   0.11784528E+01
   0.98000000E+00   0.11780459E+01
   0.99000000E+00   0.11776387E+01
   0.10000000E+01   0.11772312E+01
   0.10100000E+01   0.11768234E+01
   0.10200000E+01   0.11764153E+01
   0.10300000E+01   0.11760068E+01
   0.10400000E+01   0.11755981E+01
   0.10500000E+01   0.11751890E+01
   0.10600000E+01   0.11747797E+01
   0.10700000E+01   0.11743700E+01
   0.10800000E+01   0.11739601E+01
   0.10900000E+01   0.11735498E+01
   0.11000000E+01   0.11731392E+01
   0.11100000E+01   0.11727283E+01
   0.11200000E+01   0.11723171E+01
   0.11300000E+01   0.11719055E+01
   0.11400000E+01   0.11714937E+01
   0.11500000E+01   0.11710816E+01
   0.11600000E+01   0.11706691E+01
   0.11700000E+01   0.11702563E+01
   0.11800000E+01   0.11698432E+01
   0.11900000E+01   0.11694298E+01
   0.12000000E+01   0.11690161E+01
   0.12100000E+01   0.11686021E+01
   0.12200000E+01   0.11681877E+01
   0.12300000E+01   0.11677731E+01
   0.12400000E+01   0.11673581E+01
   0.12500000E+01   0.11669428E+01
   0.12600000E+01   0.11665272E+01
   0.12700000E+01   0.11661112E+01
   0.12800000E+01   0.11656950E+01
   0.12900000E+01   0.11652784E+01
   0.13000000E+01   0.11648616E+01
   0.13100000E+01   0.11644443E+01
   0.13200000E+01   0.11640268E+01
   0.13300000E+01   0.11636090E+01
   0.13400000E+01   0.11631908E+01
   0.13500000E+01   0.11627723E+01
   0.13600000E+01   0.11623535E+01
   0.13700000E+01   0.11619344E+01
   0.13800000E+01   0.11615150E+01
   0.13900000E+01   0.11610952E+01
   0.14000000E+01   0.11606751E+01
   0.14100000E+01   0.11602547E+01
   0.14200000E+01   0.11598339E+01
   0.14300000E+01   0.11594129E+01
   0.14400000E+01   0.11589915E+01
   0.14500000E+01   0.11585697E+01
   0.14600000E+01   0.11581477E+01
   0.14700000E+01   0.11577253E+01
   0.14800000E+01   0.11573026E+01
   0.14900000E+01   0.11568796E+01
   0.15000000E+01   0.11564563E+01
   0.15100000E+01   0.11560326E+01
   0.15200000E+01   0.11556086E+01
   0.15300000E+01   0.11551842E+01
   0.15400000E+01   0.11547596E+01
   0.15500000E+01   0.11543346E+01
   0.15600000E+01   0.11539092E+01
   0.15700000E+01   0.11534836E+01
   0.15800000E+01   0.11530576E+01
   0.15900000E+01   0.11526313E+01
   0.16000000E+01   0.11522046E+01
   0.16100000E+01   0.11517776E+01
   0.16200000E+01   0.11513503E+01
   0.16300000E+01   0.11509227E+01
   0.16400000E+01   0.11504947E+01
   0.16500000E+01   0.11500664E+01
   0.16600000E+01   0.11496377E+01
   0.16700000E+01   0.11492087E+01
   0.16800000E+01   0.11487794E+01
   0.16900000E+01   0.11483497E+01
   0.17000000E+01   0.11479197E+01
   0.17100000E+01   0.11474894E+01
   0.17200000E+01   0.11470587E+01
   0.17300000E+01   0.11466277E+01
   0.17400000E+01   0.11461964E+01
   0.17500000E+01   0.11457647E+01
   0.17600000E+01   0.11453327E+01
   0.17700000E+01   0.11449003E+01
   0.17800000E+01   0.11444676E+01
   0.17900000E+01   0.11440345E+01
   0.18000000E+01   0.11436011E+01
   0.18100000E+01   0.11431674E+01
   0.18200000E+01   0.11427333E+01
   0.18300000E+01   0.11422989E+01
   0.18400000E+01   0.11418641E+01
   0.18500000E+01   0.11414290E+01
   0.18600000E+01   0.11409936E+01
   0.18700000E+01   0.11405578E+01
   0.18800000E+01   0.11401216E+01
   0.18900000E+01   0.11396851E+01
   0.19000000E+01   0.11392483E+01
   0.19100000E+01   0.11388111E+01
   0.19200000E+01   0.11383736E+01
   0.19300000E+01   0.11379357E+01
   0.19400000E+01   0.11374975E+01
   0.19500000E+01   0.11370589E+01
   0.19600000E+01   0.11366200E+01
   0.19700000E+01   0.11361807E+01
   0.19800000E+01   0.11357411E+01
   0.19900000E+01   0.11353011E+01
   0.20000000E+01   0.11348608E+01
   0.20100000E+01   0.11344201E+01
   0.20200000E+01   0.11339791E+01
   0.20300000E+01   0.11335377E+01
   0.20400000E+01   0.11330960E+01
   0.20500000E+01   0.11326539E+01
   0.20600000E+01   0.11322114E+01
   0.20700000E+01   0.11317686E+01
   0.20800000E+01   0.11313255E+01
   0.20900000E+01   0.11308819E+01
   0.21000000E+01   0.11304381E+01
   0.21100000E+01   0.11299938E+01
   0.21200000E+01   0.11295493E+01
   0.21300000E+01   0.11291043E+01
   0.21400000E+01   0.11286590E+01
   0.21500000E+01   0.11282134E+01
   0.21600000E+01   0.11277673E+01
   0.21700000E+01   0.11273210E+01
   0.21800000E+01   0.11268742E+01
   0.21900000E+01   0.11264271E+01
   0.22000000E+01   0.11259797E+01
   0.22100000E+01   0.11255318E+01
   0.22200000E+01   0.11250837E+01
   0.22300000E+01   0.11246351E+01
   0.22400000E+01   0.11241862E+01
   0.22500000E+01   0.11237369E+01
   0.22600000E+01   0.11232873E+01
   0.22700000E+01   0.11228373E+01
   0.22800000E+01   0.11223869E+01
   0.22900000E+01   0.11219361E+01
   0.23000000E+01   0.11214850E+01
   0.23100000E+01   0.11210336E+01
   0.23200000E+01   0.11205817E+01
   0.23300000E+01   0.11201295E+01
   0.23400000E+01   0.11196769E+01
   0.23500000E+01   0.11192240E+01
   0.23600000E+01   0.11187707E+01
   0.23700000E+01   0.11183170E+01
   0.23800000E+01   0.11178629E+01
   0.23900000E+01   0.11174085E+01
   0.24000000E+01   0.11169537E+01
   0.24100000E+01   0.11164985E+01
   0.24200000E+01   0.11160429E+01
   0.24300000E+01   0.11155870E+01
   0.24400000E+01   0.11151307E+01
   0.24500000E+01   0.11146740E+01
   0.24600000E+01   0.11142170E+01
   0.24700000E+01   0.11137596E+01
   0.24800000E+01   0.11133017E+01
   0.24900000E+01   0.11128436E+01
   0.25000000E+01   0.11123850E+01
   0.25100000E+01   0.11119261E+01
   0.25200000E+01   0.11114667E+01
   0.25300000E+01   0.11110071E+01
   0.25400000E+01   0.11105470E+01
   0.25500000E+01   0.11100865E+01
   0.25600000E+01   0.11096257E+01
   0.25700000E+01   0.11091645E+01
   0.25800000E+01   0.11087029E+01
   0.25900000E+01   0.11082409E+01
   0.26000000E+01   0.11077785E+01
   0.26100000E+01   0.11073157E+01
   0.26200000E+01   0.11068526E+01
   0.26300000E+01   0.11063891E+01
   0.26400000E+01   0.11059252E+01
   0.26500000E+01   0.11054609E+01
   0.26600000E+01   0.11049962E+01
   0.26700000E+01   0.11045311E+01
   0.26800000E+01   0.11040657E+01
   0.26900000E+01   0.11035998E+01
   0.27000000E+01   0.11031336E+01
   0.27100000E+01   0.11026670E+01
   0.27200000E+01   0.11022000E+01
   0.27300000E+01   0.11017325E+01
   0.27400000E+01   0.11012648E+01
   0.27500000E+01   0.11007966E+01
   0.27600000E+01   0.11003280E+01
   0.27700000E+01   0.10998590E+01
   0.27800000E+01   0.10993896E+01
   0.27900000E+01   0.10989199E+01
   0.28000000E+01   0.10984497E+01
   0.28100000E+01   0.10979792E+01
   0.28200000E+01   0.10975082E+01
   0.28300000E+01   0.10970369E+01
   0.28400000E+01   0.10965651E+01
   0.28500000E+01   0.10960930E+01
   0.28600000E+01   0.10956204E+01
   0.28700000E+01   0.10951475E+01
   0.28800000E+01   0.10946741E+01
   0.28900000E+01   0.10942004E+01
   0.29000000E+01   0.10937262E+01
   0.29100000E+01   0.10932517E+01
   0.29200000E+01   0.10927768E+01
   0.29300000E+01   0.10923014E+01
   0.29400000E+01   0.10918257E+01
   0.29500000E+01   0.10913495E+01
   0.29600000E+01   0.10908729E+01
   0.29700000E+01   0.10903960E+01
   0.29800000E+01   0.10899186E+01
   0.29900000E+01   0.10894408E+01
   0.30000000E+01   0.10889626E+01
   0.30100000E+01   0.10884840E+01
   0.30200000E+01   0.10880050E+01
   0.30300000E+01   0.10875256E+01
   0.30400000E+01   0.10870458E+01
   0.30500000E+01   0.10865655E+01
   0.30600000E+01   0.10860849E+01
   0.30700000E+01   0.10856038E+01
   0.30800000E+01   0.10851224E+01
   0.30900000E+01   0.10846405E+01
   0.31000000E+01   0.10841582E+01
   0.31100000E+01   0.10836755E+01
   0.31200000E+01   0.10831924E+01
   0.31300000E+01   0.10827088E+01
   0.31400000E+01   0.10822249E+01
   0.31500000E+01   0.10817405E+01
   0.31600000E+01   0.10812557E+01
   0.31700000E+01   0.10807705E+01
   0.31800000E+01   0.10802849E+01
   0.31900000E+01   0.10797988E+01
   0.32000000E+01   0.10793124E+01
   0.32100000E+01   0.10788255E+01
   0.32200000E+01   0.10783382E+01
   0.32300000E+01   0.10778504E+01
   0.32400000E+01   0.10773623E+01
   0.32500000E+01   0.10768737E+01
   0.32600000E+01   0.10763847E+01
   0.32700000E+01   0.10758953E+01
   0.32800000E+01   0.10754054E+01
   0.32900000E+01   0.10749152E+01
   0.33000000E+01   0.10744245E+01
   0.33100000E+01   0.10739333E+01
   0.33200000E+01   0.10734418E+01
   0.33300000E+01   0.10729498E+01
   0.33400000E+01   0.10724574E+01
   0.33500000E+01   0.10719645E+01
   0.33600000E+01   0.10714713E+01
   0.33700000E+01   0.10709776E+01
   0.33800000E+01   0.10704834E+01
   0.33900000E+01   0.10699888E+01
   0.34000000E+01   0.10694938E+01
   0.34100000E+01   0.10689984E+01
   0.34200000E+01   0.10685025E+01
   0.34300000E+01   0.10680062E+01
   0.34400000E+01   0.10675095E+01
   0.34500000E+01   0.10670123E+01
   0.34600000E+01   0.10665147E+01
   0.34700000E+01   0.10660166E+01
   0.34800000E+01   0.10655181E+01
   0.34900000E+01   0.10650192E+01
   0.35000000E+01   0.10645198E+01
   0.35100000E+01   0.10640200E+01
   0.35200000E+01   0.10635198E+01
   0.35300000E+01   0.10630191E+01
   0.35400000E+01   0.10625179E+01
   0.35500000E+01   0.10620163E+01
   0.35600000E+01   0.10615143E+01
   0.35700000E+01   0.10610118E+01
   0.35800000E+01   0.10605089E+01
   0.35900000E+01   0.10600055E+01
   0.36000000E+01   0.10595017E+01
   0.36100000E+01   0.10589975E+01
   0.36200000E+01   0.10584928E+01
   0.36300000E+01   0.10579876E+01
   0.36400000E+01   0.10574820E+01
   0.36500000E+01   0.10569759E+01
   0.36600000E+01   0.10564694E+01
   0.36700000E+01   0.10559625E+01
   0.36800000E+01   0.10554550E+01
   0.36900000E+01   0.10549472E+01
   0.37000000E+01   0.10544389E+01
   0.37100000E+01   0.10539301E+01
   0.37200000E+01   0.10534208E+01
   0.37300000E+01   0.10529112E+01
   0.37400000E+01   0.10524010E+01
   0.37500000E+01   0.10518904E+01
   0.37600000E+01   0.10513793E+01
   0.37700000E+01   0.10508678E+01
   0.37800000E+01   0.10503558E+01
   0.37900000E+01   0.10498434E+01
   0.38000000E+01   0.10493305E+01
   0.38100000E+01   0.10488171E+01
   0.38200000E+01   0.10483033E+01
   0.38300000E+01   0.10477890E+01
   0.38400000E+01   0.10472742E+01
   0.38500000E+01   0.10467590E+01
   0.38600000E+01   0.10462433E+01
   0.38700000E+01   0.10457271E+01
   0.38800000E+01   0.10452105E+01
   0.38900000E+01   0.10446934E+01
   0.39000000E+01   0.10441758E+01
   0.39100000E+01   0.10436578E+01
   0.39200000E+01   0.10431393E+01
   0.39300000E+01   0.10426203E+01
   0.39400000E+01   0.10421009E+01
   0.39500000E+01   0.10415810E+01
   0.39600000E+01   0.10410606E+01
   0.39700000E+01   0.10405397E+01
   0.39800000E+01   0.10400183E+01
   0.39900000E+01   0.10394965E+01
   0.40000000E+01   0.10389742E+01
   0.40100000E+01   0.10384514E+01
   0.40200000E+01   0.10379282E+01
   0.40300000E+01   0.10374045E+01
   0.40400000E+01   0.10368802E+01
   0.40500000E+01   0.10363555E+01
   0.40600000E+01   0.10358304E+01
   0.40700000E+01   0.10353047E+01
   0.40800000E+01   0.10347786E+01
   0.40900000E+01   0.10342519E+01
   0.41000000E+01   0.10337248E+01
   0.41100000E+01   0.10331972E+01
   0.41200000E+01   0.10326692E+01
   0.41300000E+01   0.10321406E+01
   0.41400000E+01   0.10316115E+01
   0.41500000E+01   0.10310820E+01
   0.41600000E+01   0.10305519E+01
   0.41700000E+01   0.10300214E+01
   0.41800000E+01   0.10294904E+01
   0.41900000E+01   0.10289589E+01
   0.42000000E+01   0.10284269E+01
   0.42100000E+01   0.10278944E+01
   0.42200000E+01   0.10273614E+01
   0.42300000E+01   0.10268279E+01
   0.42400000E+01   0.10262939E+01
   0.42500000E+01   0.10257594E+01
   0.42600000E+01   0.10252245E+01
   0.42700000E+01   0.10246890E+01
   0.42800000E+01   0.10241530E+01
   0.42900000E+01   0.10236165E+01
   0.43000000E+01   0.10230796E+01
   0.43100000E+01   0.10225421E+01
   0.43200000E+01   0.10220041E+01
   0.43300000E+01   0.10214656E+01
   0.43400000E+01   0.10209266E+01
   0.43500000E+01   0.10203871E+01
   0.43600000E+01   0.10198471E+01
   0.43700000E+01   0.10193066E+01
   0.43800000E+01   0.10187656E+01
   0.43900000E+01   0.10182241E+01
   0.44000000E+01   0.10176820E+01
   0.44100000E+01   0.10171395E+01
   0.44200000E+01   0.10165964E+01
   0.44300000E+01   0.10160529E+01
   0.44400000E+01   0.10155088E+01
   0.44500000E+01   0.10149642E+01
   0.44600000E+01   0.10144191E+01
   0.44700000E+01   0.10138735E+01
   0.44800000E+01   0.10133273E+01
   0.44900000E+01   0.10127807E+01
   0.45000000E+01   0.10122335E+01
   0.45100000E+01   0.10116858E+01
   0.45200000E+01   0.10111376E+01
   0.45300000E+01   0.10105888E+01
   0.45400000E+01   0.10100396E+01
   0.45500000E+01   0.10094898E+01
   0.45600000E+01   0.10089395E+01
   0.45700000E+01   0.10083886E+01
   0.45800000E+01   0.10078373E+01
   0.45900000E+01   0.10072854E+01
   0.46000000E+01   0.10067330E+01
   0.46100000E+01   0.10061801E+01
   0.46200000E+01   0.10056266E+01
   0.46300000E+01   0.10050726E+01
   0.46400000E+01   0.10045181E+01
   0.46500000E+01   0.10039630E+01
   0.46600000E+01   0.10034074E+01
   0.46700000E+01   0.10028513E+01
   0.46800000E+01   0.10022946E+01
   0.46900000E+01   0.10017374E+01
   0.47000000E+01   0.10011797E+01
   0.47100000E+01   0.10006214E+01
   0.47200000E+01   0.10000626E+01
   0.47300000E+01   0.99950329E+00
   0.47400000E+01   0.99894341E+00
   0.47500000E+01   0.99838298E+00
   0.47600000E+01   0.99782201E+00
   0.47700000E+01   0.99726050E+00
   0.47800000E+01   0.99669845E+00
   0.47900000E+01   0.99613585E+00
   0.48000000E+01   0.99557270E+00
   0.48100000E+01   0.99500901E+00
   0.48200000E+01   0.99444477E+00
   0.48300000E+01   0.99387999E+00
   0.48400000E+01   0.99331465E+00
   0.48500000E+01   0.99274876E+00
   0.48600000E+01   0.99218232E+00
   0.48700000E+01   0.99161533E+00
   0.48800000E+01   0.99104779E+00
   0.48900000E+01   0.99047969E+00
   0.49000000E+01   0.98991104E+00
   0.49100000E+01   0.98934183E+00
   0.49200000E+01   0.98877206E+00
   0.49300000E+01   0.98820174E+00
   0.49400000E+01   0.98763086E+00
   0.49500000E+01   0.98705941E+00
   0.49600000E+01   0.98648741E+00
   0.49700000E+01   0.98591484E+00
   0.49800000E+01   0.98534171E+00
   0.49900000E+01   0.98476802E+00
   0.50000000E+01   0.98419376E+00
   0.50100000E+01   0.98361894E+00
   0.50200000E+01   0.98304355E+00
   0.50300000E+01   0.98246759E+00
   0.50400000E+01   0.98189106E+00
   0.50500000E+01   0.98131396E+00
   0.50600000E+01   0.98073630E+00
   0.50700000E+01   0.98015805E+00
   0.50800000E+01   0.97957924E+00
   0.50900000E+01   0.97899985E+00
   0.51000000E+01   0.97841989E+00
   0.51100000E+01   0.97783935E+00
   0.51200000E+01   0.97725824E+00
   0.51300000E+01   0.97667654E+00
   0.51400000E+01   0.97609427E+00
   0.51500000E+01   0.97551142E+00
   0.51600000E+01   0.97492798E+00
   0.51700000E+01   0.97434397E+00
   0.51800000E+01   0.97375937E+00
   0.51900000E+01   0.97317418E+00
   0.52000000E+01   0.97258842E+00
   0.52100000E+01   0.97200206E+00
   0.52200000E+01   0.97141512E+00
   0.52300000E+01   0.97082759E+00
   0.52400000E+01   0.97023947E+00
   0.52500000E+01   0.96965075E+00
   0.52600000E+01   0.96906145E+00
   0.52700000E+01   0.96847156E+00
   0.52800000E+01   0.96788107E+00
   0.52900000E+01   0.96728998E+00
   0.53000000E+01   0.96669830E+00
   0.53100000E+01   0.96610603E+00
   0.53200000E+01   0.96551315E+00
   0.53300000E+01   0.96491968E+00
   0.53400000E+01   0.96432560E+00
   0.53500000E+01   0.96373093E+00
   0.53600000E+01   0.96313565E+00
   0.53700000E+01   0.96253977E+00
   0.53800000E+01   0.96194328E+00
   0.53900000E+01   0.96134619E+00
   0.54000000E+01   0.96074850E+00
   0.54100000E+01   0.96015019E+00
   0.54200000E+01   0.95955128E+00
   0.54300000E+01   0.95895175E+00
   0.54400000E+01   0.95835162E+00
   0.54500000E+01   0.95775087E+00
   0.54600000E+01   0.95714951E+00
   0.54700000E+01   0.95654753E+00
   0.54800000E+01   0.95594494E+00
   0.54900000E+01   0.95534173E+00
   0.55000000E+01   0.95473791E+00
   0.55100000E+01   0.95413346E+00
   0.55200000E+01   0.95352840E+00
   0.55300000E+01   0.95292271E+00
   0.55400000E+01   0.95231640E+00
   0.55500000E+01   0.95170947E+00
   0.55600000E+01   0.95110191E+00
   0.55700000E+01   0.95049373E+00
   0.55800000E+01   0.94988492E+00
   0.55900000E+01   0.94927549E+00
   0.56000000E+01   0.94866542E+00
   0.56100000E+01   0.94805472E+00
   0.56200000E+01   0.94744339E+00
   0.56300000E+01   0.94683143E+00
   0.56400000E+01   0.94621884E+00
   0.56500000E+01   0.94560561E+00
   0.56600000E+01   0.94499174E+00
   0.56700000E+01   0.94437724E+00
   0.56800000E+01   0.94376210E+00
   0.56900000E+01   0.94314631E+00
   0.57000000E+01   0.94252989E+00
   0.57100000E+01   0.94191283E+00
   0.57200000E+01   0.94129512E+00
   0.57300000E+01   0.94067677E+00
   0.57400000E+01   0.94005777E+00
   0.57500000E+01   0.93943812E+00
   0.57600000E+01   0.93881783E+00
   0.57700000E+01   0.93819689E+00
   0.57800000E+01   0.93757529E+00
   0.57900000E+01   0.93695305E+00
   0.58000000E+01   0.93633015E+00
   0.58100000E+01   0.93570660E+00
   0.58200000E+01   0.93508239E+00
   0.58300000E+01   0.93445753E+00
   0.58400000E+01   0.93383201E+00
   0.58500000E+01   0.93320582E+00
   0.58600000E+01   0.93257898E+00
   0.58700000E+01   0.93195148E+00
   0.58800000E+01   0.93132331E+00
   0.58900000E+01   0.93069449E+00
   0.59000000E+01   0.93006499E+00
   0.59100000E+01   0.92943483E+00
   0.59200000E+01   0.92880400E+00
   0.59300000E+01   0.92817250E+00
   0.59400000E+01   0.92754033E+00
   0.59500000E+01   0.92690749E+00
   0.59600000E+01   0.92627398E+00
   0.59700000E+01   0.92563979E+00
   0.59800000E+01   0.92500493E+00
   0.59900000E+01   0.92436939E+00
   0.60000000E+01   0.92373318E+00
   0.60100000E+01   0.92309628E+00
   0.60200000E+01   0.92245870E+00
   0.60300000E+01   0.92182044E+00
   0.60400000E+01   0.92118150E+00
   0.60500000E+01   0.92054188E+00
   0.60600000E+01   0.91990157E+00
   0.60700000E+01   0.91926057E+00
   0.60800000E+01   0.91861888E+00
   0.60900000E+01   0.91797650E+00
   0.61000000E+01   0.91733344E+00
   0.61100000E+01   0.91668968E+00
   0.61200000E+01   0.91604522E+00
   0.61300000E+01   0.91540008E+00
   0.61400000E+01   0.91475423E+00
   0.61500000E+01   0.91410769E+00
   0.61600000E+01   0.91346045E+00
   0.61700000E+01   0.91281251E+00
   0.61800000E+01   0.91216387E+00
   0.61900000E+01   0.91151452E+00
   0.62000000E+01   0.91086447E+00
   0.62100000E+01   0.91021371E+00
   0.62200000E+01   0.90956225E+00
   0.62300000E+01   0.90891008E+00
   0.62400000E+01   0.90825720E+00
   0.62500000E+01   0.90760361E+00
   0.62600000E+01   0.90694931E+00
   0.62700000E+01   0.90629429E+00
   0.62800000E+01   0.90563855E+00
   0.62900000E+01   0.90498211E+00
   0.63000000E+01   0.90432494E+00
   0.63100000E+01   0.90366705E+00
   0.63200000E+01   0.90300844E+00
   0.63300000E+01   0.90234911E+00
   0.63400000E+01   0.90168906E+00
   0.63500000E+01   0.90102828E+00
   0.63600000E+01   0.90036678E+00
   0.63700000E+01   0.89970454E+00
   0.63800000E+01   0.89904158E+00
   0.63900000E+01   0.89837789E+00
   0.64000000E+01   0.89771346E+00
   0.64100000E+01   0.89704831E+00
   0.64200000E+01   0.89638241E+00
   0.64300000E+01   0.89571578E+00
   0.64400000E+01   0.89504842E+00
   0.64500000E+01   0.89438031E+00
   0.64600000E+01   0.89371146E+00
   0.64700000E+01   0.89304187E+00
   0.64800000E+01   0.89237154E+00
   0.64900000E+01   0.89170046E+00
   0.65000000E+01   0.89102864E+00
   0.65100000E+01   0.89035606E+00
   0.65200000E+01   0.88968274E+00
   0.65300000E+01   0.88900867E+00
   0.65400000E+01   0.88833384E+00
   0.65500000E+01   0.88765826E+00
   0.65600000E+01   0.88698193E+00
   0.65700000E+01   0.88630484E+00
   0.65800000E+01   0.88562699E+00
   0.65900000E+01   0.88494838E+00
   0.66000000E+01   0.88426901E+00
   0.66100000E+01   0.88358887E+00
   0.66200000E+01   0.88290797E+00
   0.66300000E+01   0.88222631E+00
   0.66400000E+01   0.88154388E+00
   0.66500000E+01   0.88086067E+00
   0.66600000E+01   0.88017670E+00
   0.66700000E+01   0.87949196E+00
   0.66800000E+01   0.87880644E+00
   0.66900000E+01   0.87812015E+00
   0.67000000E+01   0.87743308E+00
   0.67100000E+01   0.87674523E+00
   0.67200000E+01   0.87605660E+00
   0.67300000E+01   0.87536719E+00
   0.67400000E+01   0.87467700E+00
   0.67500000E+01   0.87398603E+00
   0.67600000E+01   0.87329426E+00
   0.67700000E+01   0.87260171E+00
   0.67800000E+01   0.87190838E+00
   0.67900000E+01   0.87121425E+00
   0.68000000E+01   0.87051932E+00
   0.68100000E+01   0.86982361E+00
   0.68200000E+01   0.86912709E+00
   0.68300000E+01   0.86842979E+00
   0.68400000E+01   0.86773168E+00
   0.68500000E+01   0.86703277E+00
   0.68600000E+01   0.86633306E+00
   0.68700000E+01   0.86563254E+00
   0.68800000E+01   0.86493122E+00
   0.68900000E+01   0.86422910E+00
   0.69000000E+01   0.86352616E+00
   0.69100000E+01   0.86282242E+00
   0.69200000E+01   0.86211786E+00
   0.69300000E+01   0.86141249E+00
   0.69400000E+01   0.86070631E+00
   0.69500000E+01   0.85999930E+00
   0.69600000E+01   0.85929148E+00
   0.69700000E+01   0.85858284E+00
   0.69800000E+01   0.85787338E+00
   0.69900000E+01   0.85716309E+00
   0.70000000E+01   0.85645198E+00
   0.70100000E+01   0.85574004E+00
   0.70200000E+01   0.85502727E+00
   0.70300000E+01   0.85431368E+00
   0.70400000E+01   0.85359925E+00
   0.70500000E+01   0.85288399E+00
   0.70600000E+01   0.85216789E+00
   0.70700000E+01   0.85145095E+00
   0.70800000E+01   0.85073318E+00
   0.70900000E+01   0.85001456E+00
   0.71000000E+01   0.84929511E+00
   0.71100000E+01   0.84857481E+00
   0.71200000E+01   0.84785366E+00
   0.71300000E+01   0.84713167E+00
   0.71400000E+01   0.84640882E+00
   0.71500000E+01   0.84568513E+00
   0.71600000E+01   0.84496058E+00
   0.71700000E+01   0.84423518E+00
   0.71800000E+01   0.84350892E+00
   0.71900000E+01   0.84278181E+00
   0.72000000E+01   0.84205383E+00
   0.72100000E+01   0.84132499E+00
   0.72200000E+01   0.84059529E+00
   0.72300000E+01   0.83986473E+00
   0.72400000E+01   0.83913329E+00
   0.72500000E+01   0.83840099E+00
   0.72600000E+01   0.83766782E+00
   0.72700000E+01   0.83693378E+00
   0.72800000E+01   0.83619886E+00
   0.72900000E+01   0.83546306E+00
   0.73000000E+01   0.83472639E+00
   0.73100000E+01   0.83398884E+00
   0.73200000E+01   0.83325040E+00
   0.73300000E+01   0.83251109E+00
   0.73400000E+01   0.83177088E+00
   0.73500000E+01   0.83102979E+00
   0.73600000E+01   0.83028782E+00
   0.73700000E+01   0.82954495E+00
   0.73800000E+01   0.82880118E+00
   0.73900000E+01   0.82805653E+00
   0.74000000E+01   0.82731097E+00
   0.74100000E+01   0.82656452E+00
   0.74200000E+01   0.82581717E+00
   0.74300000E+01   0.82506891E+00
   0.74400000E+01   0.82431976E+00
   0.74500000E+01   0.82356969E+00
   0.74600000E+01   0.82281872E+00
   0.74700000E+01   0.82206684E+00
   0.74800000E+01   0.82131404E+00
   0.74900000E+01   0.82056034E+00
   0.75000000E+01   0.81980571E+00
   0.75100000E+01   0.81905017E+00
   0.75200000E+01   0.81829371E+00
   0.75300000E+01   0.81753633E+00
   0.75400000E+01   0.81677802E+00
   0.75500000E+01   0.81601879E+00
   0.75600000E+01   0.81525863E+00
   0.75700000E+01   0.81449755E+00
   0.75800000E+01   0.81373553E+00
   0.75900000E+01   0.81297258E+00
   0.76000000E+01   0.81220869E+00
   0.76100000E+01   0.81144386E+00
   0.76200000E+01   0.81067810E+00
   0.76300000E+01   0.80991139E+00
   0.76400000E+01   0.80914375E+00
   0.76500000E+01   0.80837515E+00
   0.76600000E+01   0.80760561E+00
   0.76700000E+01   0.80683512E+00
   0.76800000E+01   0.80606368E+00
   0.76900000E+01   0.80529128E+00
   0.77000000E+01   0.80451793E+00
   0.77100000E+01   0.80374362E+00
   0.77200000E+01   0.80296835E+00
   0.77300000E+01   0.80219212E+00
   0.77400000E+01   0.80141492E+00
   0.77500000E+01   0.80063676E+00
   0.77600000E+01   0.79985763E+00
   0.77700000E+01   0.79907754E+00
   0.77800000E+01   0.79829646E+00
   0.77900000E+01   0.79751442E+00
   0.78000000E+01   0.79673140E+00
   0.78100000E+01   0.79594740E+00
   0.78200000E+01   0.79516241E+00
   0.78300000E+01   0.79437645E+00
   0.78400000E+01   0.79358950E+00
   0.78500000E+01   0.79280156E+00
   0.78600000E+01   0.79201264E+00
   0.78700000E+01   0.79122272E+00
   0.78800000E+01   0.79043181E+00
   0.78900000E+01   0.78963990E+00
   0.79000000E+01   0.78884700E+00
   0.79100000E+01   0.78805309E+00
   0.79200000E+01   0.78725819E+00
   0.79300000E+01   0.78646227E+00
   0.79400000E+01   0.78566536E+00
   0.79500000E+01   0.78486743E+00
   0.79600000E+01   0.78406849E+00
   0.79700000E+01   0.78326854E+00
   0.79800000E+01   0.78246757E+00
   0.79900000E+01   0.78166558E+00
   0.80000000E+01   0.78086258E+00
   0.80100000E+01   0.78005855E+00
   0.80200000E+01   0.77925350E+00
   0.80300000E+01   0.77844742E+00
   0.80400000E+01   0.77764031E+00
   0.80500000E+01   0.77683217E+00
   0.80600000E+01   0.77602299E+00
   0.80700000E+01   0.77521278E+00
   0.80800000E+01   0.77440154E+00
   0.80900000E+01   0.77358925E+00
   0.81000000E+01   0.77277591E+00
   0.81100000E+01   0.77196154E+00
   0.81200000E+01   0.77114611E+00
   0.81300000E+01   0.77032964E+00
   0.81400000E+01   0.76951211E+00
   0.81500000E+01   0.76869353E+00
   0.81600000E+01   0.76787389E+00
   0.81700000E+01   0.76705319E+00
   0.81800000E+01   0.76623143E+00
   0.81900000E+01   0.76540861E+00
   0.82000000E+01   0.76458472E+00
   0.82100000E+01   0.76375976E+00
   0.82200000E+01   0.76293373E+00
   0.82300000E+01   0.76210663E+00
   0.82400000E+01   0.76127845E+00
   0.82500000E+01   0.76044919E+00
   0.82600000E+01   0.75961885E+00
   0.82700000E+01   0.75878743E+00
   0.82800000E+01   0.75795492E+00
   0.82900000E+01   0.75712133E+00
   0.83000000E+01   0.75628664E+00
   0.83100000E+01   0.75545086E+00
   0.83200000E+01   0.75461399E+00
   0.83300000E+01   0.75377601E+00
   0.83400000E+01   0.75293694E+00
   0.83500000E+01   0.75209676E+00
   0.83600000E+01   0.75125548E+00
   0.83700000E+01   0.75041309E+00
   0.83800000E+01   0.74956959E+00
   0.83900000E+01   0.74872497E+00
   0.84000000E+01   0.74787924E+00
   0.84100000E+01   0.74703240E+00
   0.84200000E+01   0.74618443E+00
   0.84300000E+01   0.74533534E+00
   0.84400000E+01   0.74448512E+00
   0.84500000E+01   0.74363377E+00
   0.84600000E+01   0.74278130E+00
   0.84700000E+01   0.74192769E+00
   0.84800000E+01   0.74107294E+00
   0.84900000E+01   0.74021706E+00
   0.85000000E+01   0.73936003E+00
   0.85100000E+01   0.73850186E+00
   0.85200000E+01   0.73764254E+00
   0.85300000E+01   0.73678208E+00
   0.85400000E+01   0.73592046E+00
   0.85500000E+01   0.73505769E+00
   0.85600000E+01   0.73419376E+00
   0.85700000E+01   0.73332867E+00
   0.85800000E+01   0.73246242E+00
   0.85900000E+01   0.73159500E+00
   0.86000000E+01   0.73072642E+00
   0.86100000E+01   0.72985666E+00
   0.86200000E+01   0.72898574E+00
   0.86300000E+01   0.72811363E+00
   0.86400000E+01   0.72724035E+00
   0.86500000E+01   0.72636589E+00
   0.86600000E+01   0.72549024E+00
   0.86700000E+01   0.72461340E+00
   0.86800000E+01   0.72373538E+00
   0.86900000E+01   0.72285616E+00
   0.87000000E+01   0.72197575E+00
   0.87100000E+01   0.72109414E+00
   0.87200000E+01   0.72021133E+00
   0.87300000E+01   0.71932732E+00
   0.87400000E+01   0.71844210E+00
   0.87500000E+01   0.71755567E+00
   0.87600000E+01   0.71666802E+00
   0.87700000E+01   0.71577917E+00
   0.87800000E+01   0.71488909E+00
   0.87900000E+01   0.71399780E+00
   0.88000000E+01   0.71310528E+00
   0.88100000E+01   0.71221154E+00
   0.88200000E+01   0.71131657E+00
   0.88300000E+01   0.71042036E+00
   0.88400000E+01   0.70952292E+00
   0.88500000E+01   0.70862424E+00
   0.88600000E+01   0.70772433E+00
   0.88700000E+01   0.70682316E+00
   0.88800000E+01   0.70592076E+00
   0.88900000E+01   0.70501710E+00
   0.89000000E+01   0.70411219E+00
   0.89100000E+01   0.70320602E+00
   0.89200000E+01   0.70229860E+00
   0.89300000E+01   0.70138992E+00
   0.89400000E+01   0.70047997E+00
   0.89500000E+01   0.69956875E+00
   0.89600000E+01   0.69865626E+00
   0.89700000E+01   0.69774250E+00
   0.89800000E+01   0.69682747E+00
   0.89900000E+01   0.69591115E+00
   0.90000000E+01   0.69499356E+00
   0.90100000E+01   0.69407467E+00
   0.90200000E+01   0.69315450E+00
   0.90300000E+01   0.69223304E+00
   0.90400000E+01   0.69131028E+00
   0.90500000E+01   0.69038622E+00
   0.90600000E+01   0.68946087E+00
   0.90700000E+01   0.68853421E+00
   0.90800000E+01   0.68760624E+00
   0.90900000E+01   0.68667696E+00
   0.91000000E+01   0.68574637E+00
   0.91100000E+01   0.68481446E+00
   0.91200000E+01   0.68388124E+00
   0.91300000E+01   0.68294669E+00
   0.91400000E+01   0.68201081E+00
   0.91500000E+01   0.68107361E+00
   0.91600000E+01   0.68013507E+00
   0.91700000E+01   0.67919520E+00
   0.91800000E+01   0.67825399E+00
   0.91900000E+01   0.67731143E+00
   0.92000000E+01   0.67636754E+00
   0.92100000E+01   0.67542229E+00
   0.92200000E+01   0.67447569E+00
   0.92300000E+01   0.67352774E+00
   0.92400000E+01   0.67257842E+00
   0.92500000E+01   0.67162775E+00
   0.92600000E+01   0.67067571E+00
   0.92700000E+01   0.66972231E+00
   0.92800000E+01   0.66876753E+00
   0.92900000E+01   0.66781138E+00
   0.93000000E+01   0.66685384E+00
   0.93100000E+01   0.66589493E+00
   0.93200000E+01   0.66493464E+00
   0.93300000E+01   0.66397295E+00
   0.93400000E+01   0.66300987E+00
   0.93500000E+01   0.66204540E+00
   0.93600000E+01   0.66107953E+00
   0.93700000E+01   0.66011226E+00
   0.93800000E+01   0.65914358E+00
   0.93900000E+01   0.65817349E+00
   0.94000000E+01   0.65720200E+00
   0.94100000E+01   0.65622908E+00
   0.94200000E+01   0.65525475E+00
   0.94300000E+01   0.65427899E+00
   0.94400000E+01   0.65330181E+00
   0.94500000E+01   0.65232320E+00
   0.94600000E+01   0.65134316E+00
   0.94700000E+01   0.65036168E+00
   0.94800000E+01   0.64937875E+00
   0.94900000E+01   0.64839439E+00
   0.95000000E+01   0.64740858E+00
   0.95100000E+01   0.64642132E+00
   0.95200000E+01   0.64543260E+00
   0.95300000E+01   0.64444242E+00
   0.95400000E+01   0.64345079E+00
   0.95500000E+01   0.64245768E+00
   0.95600000E+01   0.64146311E+00
   0.95700000E+01   0.64046707E+00
   0.95800000E+01   0.63946955E+00
   0.95900000E+01   0.63847055E+00
   0.96000000E+01   0.63747007E+00
   0.96100000E+01   0.63646810E+00
   0.96200000E+01   0.63546464E+00
   0.96300000E+01   0.63445968E+00
   0.96400000E+01   0.63345323E+00
   0.96500000E+01   0.63244528E+00
   0.96600000E+01   0.63143581E+00
   0.96700000E+01   0.63042484E+00
   0.96800000E+01   0.62941236E+00
   0.96900000E+01   0.62839836E+00
   0.97000000E+01   0.62738284E+00
   0.97100000E+01   0.62636579E+00
   0.97200000E+01   0.62534722E+00
   0.97300000E+01   0.62432711E+00
   0.97400000E+01   0.62330546E+00
   0.97500000E+01   0.62228228E+00
   0.97600000E+01   0.62125755E+00
   0.97700000E+01   0.62023128E+00
   0.97800000E+01   0.61920345E+00
   0.97900000E+01   0.61817407E+00
   0.98000000E+01   0.61714313E+00
   0.98100000E+01   0.61611062E+00
   0.98200000E+01   0.61507655E+00
   0.98300000E+01   0.61404090E+00
   0.98400000E+01   0.61300368E+00
   0.98500000E+01   0.61196488E+00
   0.98600000E+01   0.61092450E+00
   0.98700000E+01   0.60988253E+00
   0.98800000E+01   0.60883897E+00
   0.98900000E+01   0.60779382E+00
   0.99000000E+01   0.60674706E+00
   0.99100000E+01   0.60569870E+00
   0.99200000E+01   0.60464873E+00
   0.99300000E+01   0.60359716E+00
   0.99400000E+01   0.60254396E+00
   0.99500000E+01   0.60148915E+00
   0.99600000E+01   0.60043271E+00
   0.99700000E+01   0.59937464E+00
   0.99800000E+01   0.59831494E+00
   0.99900000E+01   0.59725361E+00
   0.10000000E+02   0.59619063E+00
   0.10010000E+02   0.59512601E+00
   0.10020000E+02   0.59405974E+00
   0.10030000E+02   0.59299182E+00
   0.10040000E+02   0.59192224E+00
   0.10050000E+02   0.59085100E+00
   0.10060000E+02   0.58977809E+00
   0.10070000E+02   0.58870351E+00
   0.10080000E+02   0.58762726E+00
   0.10090000E+02   0.58654932E+00
   0.10100000E+02   0.58546971E+00
   0.10110000E+02   0.58438841E+00
   0.10120000E+02   0.58330541E+00
   0.10130000E+02   0.58222072E+00
   0.10140000E+02   0.58113433E+00
   0.10150000E+02   0.58004623E+00
   0.10160000E+02   0.57895642E+00
   0.10170000E+02   0.57786490E+00
   0.10180000E+02   0.57677166E+00
   0.10190000E+02   0.57567670E+00
   0.10200000E+02   0.57458001E+00
   0.10210000E+02   0.57348159E+00
   0.10220000E+02   0.57238143E+00
   0.10230000E+02   0.57127954E+00
   0.10240000E+02   0.57017589E+00
   0.10250000E+02   0.56907050E+00
   0.10260000E+02   0.56796335E+00
   0.10270000E+02   0.56685445E+00
   0.10280000E+02   0.56574378E+00
   0.10290000E+02   0.56463134E+00
   0.10300000E+02   0.56351713E+00
   0.10310000E+02   0.56240114E+00
   0.10320000E+02   0.56128337E+00
   0.10330000E+02   0.56016381E+00
   0.10340000E+02   0.55904246E+00
   0.10350000E+02   0.55791932E+00
   0.10360000E+02   0.55679437E+00
   0.10370000E+02   0.55566762E+00
   0.10380000E+02   0.55453906E+00
   0.10390000E+02   0.55340868E+00
   0.10400000E+02   0.55227648E+00
   0.10410000E+02   0.55114246E+00
   0.10420000E+02   0.55000661E+00
   0.10430000E+02   0.54886893E+00
   0.10440000E+02   0.54772940E+00
   0.10450000E+02   0.54658803E+00
   0.10460000E+02   0.54544482E+00
   0.10470000E+02   0.54429975E+00
   0.10480000E+02   0.54315282E+00
   0.10490000E+02   0.54200402E+00
   0.10500000E+02   0.54085336E+00
   0.10510000E+02   0.53970083E+00
   0.10520000E+02   0.53854641E+00
   0.10530000E+02   0.53739012E+00
   0.10540000E+02   0.53623193E+00
   0.10550000E+02   0.53507185E+00
   0.10560000E+02   0.53390988E+00
   0.10570000E+02   0.53274600E+00
   0.10580000E+02   0.53158021E+00
   0.10590000E+02   0.53041250E+00
   0.10600000E+02   0.52924288E+00
   0.10610000E+02   0.52807134E+00
   0.10620000E+02   0.52689786E+00
   0.10630000E+02   0.52572245E+00
   0.10640000E+02   0.52454510E+00
   0.10650000E+02   0.52336581E+00
   0.10660000E+02   0.52218457E+00
   0.10670000E+02   0.52100137E+00
   0.10680000E+02   0.51981621E+00
   0.10690000E+02   0.51862909E+00
   0.10700000E+02   0.51743999E+00
   0.10710000E+02   0.51624892E+00
   0.10720000E+02   0.51505587E+00
   0.10730000E+02   0.51386083E+00
   0.10740000E+02   0.51266380E+00
   0.10750000E+02   0.51146477E+00
   0.10760000E+02   0.51026374E+00
   0.10770000E+02   0.50906070E+00
   0.10780000E+02   0.50785565E+00
   0.10790000E+02   0.50664857E+00
   0.10800000E+02   0.50543948E+00
   0.10810000E+02   0.50422835E+00
   0.10820000E+02   0.50301519E+00
   0.10830000E+02   0.50179998E+00
   0.10840000E+02   0.50058273E+00
   0.10850000E+02   0.49936343E+00
   0.10860000E+02   0.49814206E+00
   0.10870000E+02   0.49691864E+00
   0.10880000E+02   0.49569315E+00
   0.10890000E+02   0.49446558E+00
   0.10900000E+02   0.49323593E+00
   0.10910000E+02   0.49200419E+00
   0.10920000E+02   0.49077037E+00
   0.10930000E+02   0.48953444E+00
   0.10940000E+02   0.48829642E+00
   0.10950000E+02   0.48705628E+00
   0.10960000E+02   0.48581403E+00
   0.10970000E+02   0.48456966E+00
   0.10980000E+02   0.48332316E+00
   0.10990000E+02   0.48207453E+00
   0.11000000E+02   0.48082376E+00
   0.11010000E+02   0.47957085E+00
   0.11020000E+02   0.47831579E+00
   0.11030000E+02   0.47705857E+00
   0.11040000E+02   0.47579919E+00
   0.11050000E+02   0.47453765E+00
   0.11060000E+02   0.47327393E+00
   0.11070000E+02   0.47200803E+00
   0.11080000E+02   0.47073994E+00
   0.11090000E+02   0.46946967E+00
   0.11100000E+02   0.46819719E+00
   0.11110000E+02   0.46692251E+00
   0.11120000E+02   0.46564563E+00
   0.11130000E+02   0.46436652E+00
   0.11140000E+02   0.46308520E+00
   0.11150000E+02   0.46180164E+00
   0.11160000E+02   0.46051585E+00
   0.11170000E+02   0.45922782E+00
   0.11180000E+02   0.45793755E+00
   0.11190000E+02   0.45664502E+00
   0.11200000E+02   0.45535023E+00
   0.11210000E+02   0.45405318E+00
   0.11220000E+02   0.45275385E+00
   0.11230000E+02   0.45145225E+00
   0.11240000E+02   0.45014836E+00
   0.11250000E+02   0.44884218E+00
   0.11260000E+02   0.44753370E+00
   0.11270000E+02   0.44622292E+00
   0.11280000E+02   0.44490982E+00
   0.11290000E+02   0.44359441E+00
   0.11300000E+02   0.44227668E+00
   0.11310000E+02   0.44095662E+00
   0.11320000E+02   0.43963422E+00
   0.11330000E+02   0.43830948E+00
   0.11340000E+02   0.43698239E+00
   0.11350000E+02   0.43565294E+00
   0.11360000E+02   0.43432113E+00
   0.11370000E+02   0.43298695E+00
   0.11380000E+02   0.43165039E+00
   0.11390000E+02   0.43031145E+00
   0.11400000E+02   0.42897013E+00
   0.11410000E+02   0.42762640E+00
   0.11420000E+02   0.42628027E+00
   0.11430000E+02   0.42493173E+00
   0.11440000E+02   0.42358078E+00
   0.11450000E+02   0.42222740E+00
   0.11460000E+02   0.42087159E+00
   0.11470000E+02   0.41951335E+00
   0.11480000E+02   0.41815266E+00
   0.11490000E+02   0.41678952E+00
   0.11500000E+02   0.41542392E+00
   0.11510000E+02   0.41405585E+00
   0.11520000E+02   0.41268531E+00
   0.11530000E+02   0.41131230E+00
   0.11540000E+02   0.40993680E+00
   0.11550000E+02   0.40855880E+00
   0.11560000E+02   0.40717830E+00
   0.11570000E+02   0.40579530E+00
   0.11580000E+02   0.40440978E+00
   0.11590000E+02   0.40302174E+00
   0.11600000E+02   0.40163117E+00
   0.11610000E+02   0.40023806E+00
   0.11620000E+02   0.39884241E+00
   0.11630000E+02   0.39744421E+00
   0.11640000E+02   0.39604345E+00
   0.11650000E+02   0.39464012E+00
   0.11660000E+02   0.39323423E+00
   0.11670000E+02   0.39182575E+00
   0.11680000E+02   0.39041468E+00
   0.11690000E+02   0.38900102E+00
   0.11700000E+02   0.38758475E+00
   0.11710000E+02   0.38616587E+00
   0.11720000E+02   0.38474438E+00
   0.11730000E+02   0.38332026E+00
   0.11740000E+02   0.38189351E+00
   0.11750000E+02   0.38046411E+00
   0.11760000E+02   0.37903207E+00
   0.11770000E+02   0.37759737E+00
   0.11780000E+02   0.37616001E+00
   0.11790000E+02   0.37471998E+00
   0.11800000E+02   0.37327727E+00
   0.11810000E+02   0.37183187E+00
   0.11820000E+02   0.37038377E+00
   0.11830000E+02   0.36893298E+00
   0.11840000E+02   0.36747947E+00
   0.11850000E+02   0.36602324E+00
   0.11860000E+02   0.36456429E+00
   0.11870000E+02   0.36310261E+00
   0.11880000E+02   0.36163818E+00
   0.11890000E+02   0.36017100E+00
   0.11900000E+02   0.35870106E+00
   0.11910000E+02   0.35722836E+00
   0.11920000E+02   0.35575288E+00
   0.11930000E+02   0.35427462E+00
   0.11940000E+02   0.35279356E+00
   0.11950000E+02   0.35130971E+00
   0.11960000E+02   0.34982306E+00
   0.11970000E+02   0.34833358E+00
   0.11980000E+02   0.34684129E+00
   0.11990000E+02   0.34534616E+00
   0.12000000E+02   0.34384819E+00
   0.12010000E+02   0.34234737E+00
   0.12020000E+02   0.34084369E+00
   0.12030000E+02   0.33933715E+00
   0.12040000E+02   0.33782774E+00
   0.12050000E+02   0.33631544E+00
   0.12060000E+02   0.33480025E+00
   0.12070000E+02   0.33328216E+00
   0.12080000E+02   0.33176116E+00
   0.12090000E+02   0.33023725E+00
   0.12100000E+02   0.32871041E+00
   0.12110000E+02   0.32718064E+00
   0.12120000E+02   0.32564792E+00
   0.12130000E+02   0.32411226E+00
   0.12140000E+02   0.32257363E+00
   0.12150000E+02   0.32103203E+00
   0.12160000E+02   0.31948746E+00
   0.12170000E+02   0.31793990E+00
   0.12180000E+02   0.31638934E+00
   0.12190000E+02   0.31483578E+00
   0.12200000E+02   0.31327920E+00
   0.12210000E+02   0.31171960E+00
   0.12220000E+02   0.31015697E+00
   0.12230000E+02   0.30859130E+00
   0.12240000E+02   0.30702258E+00
   0.12250000E+02   0.30545080E+00
   0.12260000E+02   0.30387595E+00
   0.12270000E+02   0.30229803E+00
   0.12280000E+02   0.30071701E+00
   0.12290000E+02   0.29913291E+00
   0.12300000E+02   0.29754569E+00
   0.12310000E+02   0.29595537E+00
   0.12320000E+02   0.29436192E+00
   0.12330000E+02   0.29276533E+00
   0.12340000E+02   0.29116560E+00
   0.12350000E+02   0.28956272E+00
   0.12360000E+02   0.28795668E+00
   0.12370000E+02   0.28634747E+00
   0.12380000E+02   0.28473508E+00
   0.12390000E+02   0.28311949E+00
   0.12400000E+02   0.28150071E+00
   0.12410000E+02   0.27987872E+00
   0.12420000E+02   0.27825350E+00
   0.12430000E+02   0.27662506E+00
   0.12440000E+02   0.27499338E+00
   0.12450000E+02   0.27335845E+00
   0.12460000E+02   0.27172026E+00
   0.12470000E+02   0.27007881E+00
   0.12480000E+02   0.26843407E+00
   0.12490000E+02   0.26678605E+00
   0.12500000E+02   0.26513472E+00
   0.12510000E+02   0.26348009E+00
   0.12520000E+02   0.26182214E+00
   0.12530000E+02   0.26016086E+00
   0.12540000E+02   0.25849624E+00
   0.12550000E+02   0.25682828E+00
   0.12560000E+02   0.25515695E+00
   0.12570000E+02   0.25348225E+00
   0.12580000E+02   0.25180418E+00
   0.12590000E+02   0.25012271E+00
   0.12600000E+02   0.24843785E+00
   0.12610000E+02   0.24674957E+00
   0.12620000E+02   0.24505787E+00
   0.12630000E+02   0.24336274E+00
   0.12640000E+02   0.24166416E+00
   0.12650000E+02   0.23996214E+00
   0.12660000E+02   0.23825664E+00
   0.12670000E+02   0.23654768E+00
   0.12680000E+02   0.23483523E+00
   0.12690000E+02   0.23311928E+00
   0.12700000E+02   0.23139983E+00
   0.12710000E+02   0.22967686E+00
   0.12720000E+02   0.22795036E+00
   0.12730000E+02   0.22622032E+00
   0.12740000E+02   0.22448673E+00
   0.12750000E+02   0.22274959E+00
   0.12760000E+02   0.22100886E+00
   0.12770000E+02   0.21926456E+00
   0.12780000E+02   0.21751666E+00
   0.12790000E+02   0.21576516E+00
   0.12800000E+02   0.21401004E+00
   0.12810000E+02   0.21225129E+00
   0.12820000E+02   0.21048890E+00
   0.12830000E+02   0.20872286E+00
   0.12840000E+02   0.20695317E+00
   0.12850000E+02   0.20517979E+00
   0.12860000E+02   0.20340274E+00
   0.12870000E+02   0.20162198E+00
   0.12880000E+02   0.19983752E+00
   0.12890000E+02   0.19804935E+00
   0.12900000E+02   0.19625744E+00
   0.12910000E+02   0.19446178E+00
   0.12920000E+02   0.19266238E+00
   0.12930000E+02   0.19085921E+00
   0.12940000E+02   0.18905226E+00
   0.12950000E+02   0.18724152E+00
   0.12960000E+02   0.18542699E+00
   0.12970000E+02   0.18360864E+00
   0.12980000E+02   0.18178646E+00
   0.12990000E+02   0.17996045E+00
   0.13000000E+02   0.17813059E+00
   0.13010000E+02   0.17629687E+00
   0.13020000E+02   0.17445927E+00
   0.13030000E+02   0.17261779E+00
   0.13040000E+02   0.17077242E+00
   0.13050000E+02   0.16892313E+00
   0.13060000E+02   0.16706992E+00
   0.13070000E+02   0.16521278E+00
   0.13080000E+02   0.16335169E+00
   0.13090000E+02   0.16148664E+00
   0.13100000E+02   0.15961763E+00
   0.13110000E+02   0.15774463E+00
   0.13120000E+02   0.15586763E+00
   0.13130000E+02   0.15398662E+00
   0.13140000E+02   0.15210159E+00
   0.13150000E+02   0.15021253E+00
   0.13160000E+02   0.14831942E+00
   0.13170000E+02   0.14642225E+00
   0.13180000E+02   0.14452101E+00
   0.13190000E+02   0.14261568E+00
   0.13200000E+02   0.14070626E+00
   0.13210000E+02   0.13879272E+00
   0.13220000E+02   0.13687507E+00
   0.13230000E+02   0.13495327E+00
   0.13240000E+02   0.13302732E+00
   0.13250000E+02   0.13109721E+00
   0.13260000E+02   0.12916293E+00
   0.13270000E+02   0.12722445E+00
   0.13280000E+02   0.12528177E+00
   0.13290000E+02   0.12333487E+00
   0.13300000E+02   0.12138375E+00
   0.13310000E+02   0.11942838E+00
   0.13320000E+02   0.11746876E+00
   0.13330000E+02   0.11550486E+00
   0.13340000E+02   0.11353669E+00
   0.13350000E+02   0.11156421E+00
   0.13360000E+02   0.10958743E+00
   0.13370000E+02   0.10760632E+00
   0.13380000E+02   0.10562087E+00
   0.13390000E+02   0.10363107E+00
   0.13400000E+02   0.10163691E+00
   0.13410000E+02   0.99638363E-01
   0.13420000E+02   0.97635425E-01
   0.13430000E+02   0.95628081E-01
   0.13440000E+02   0.93616315E-01
   0.13450000E+02   0.91600114E-01
   0.13460000E+02   0.89579463E-01
   0.13470000E+02   0.87554350E-01
   0.13480000E+02   0.85524758E-01
   0.13490000E+02   0.83490675E-01
   0.13500000E+02   0.81452085E-01
   0.13510000E+02   0.79408975E-01
   0.13520000E+02   0.77361331E-01
   0.13530000E+02   0.75309137E-01
   0.13540000E+02   0.73252379E-01
   0.13550000E+02   0.71191043E-01
   0.13560000E+02   0.69125115E-01
   0.13570000E+02   0.67054579E-01
   0.13580000E+02   0.64979422E-01
   0.13590000E+02   0.62899627E-01
   0.13600000E+02   0.60815182E-01
   0.13610000E+02   0.58726070E-01
   0.13620000E+02   0.56632278E-01
   0.13630000E+02   0.54533789E-01
   0.13640000E+02   0.52430590E-01
   0.13650000E+02   0.50322666E-01
   0.13660000E+02   0.48210001E-01
   0.13670000E+02   0.46092580E-01
   0.13680000E+02   0.43970388E-01
   0.13690000E+02   0.41843411E-01
   0.13700000E+02   0.39711633E-01
   0.13710000E+02   0.37575038E-01
   0.13720000E+02   0.35433611E-01
   0.13730000E+02   0.33287338E-01
   0.13740000E+02   0.31136203E-01
   0.13750000E+02   0.28980190E-01
   0.13760000E+02   0.26819284E-01
   0.13770000E+02   0.24653470E-01
   0.13780000E+02   0.22482732E-01
   0.13790000E+02   0.20307054E-01
   0.13800000E+02   0.18126421E-01
   0.13810000E+02   0.15940816E-01
   0.13820000E+02   0.13750226E-01
   0.13830000E+02   0.11554633E-01
   0.13840000E+02   0.93540222E-02
   0.13850000E+02   0.71483770E-02
   0.13860000E+02   0.49376823E-02
   0.13870000E+02   0.27219222E-02
   0.13880000E+02   0.50108033E-03
   0.13890000E+02  -0.17248596E-02
   0.13900000E+02  -0.39559130E-02
   0.13910000E+02  -0.61920957E-02
   0.13920000E+02  -0.84334244E-02
   0.13930000E+02  -0.10679915E-01
   0.13940000E+02  -0.12931585E-01
   0.13950000E+02  -0.15188448E-01
   0.13960000E+02  -0.17450522E-01
   0.13970000E+02  -0.19717823E-01
   0.13980000E+02  -0.21990368E-01
   0.13990000E+02  -0.24268172E-01
   0.14000000E+02  -0.26551252E-01
   0.14010000E+02  -0.28839625E-01
   0.14020000E+02  -0.31133307E-01
   0.14030000E+02  -0.33432315E-01
   0.14040000E+02  -0.35736664E-01
   0.14050000E+02  -0.38046372E-01
   0.14060000E+02  -0.40361457E-01
   0.14070000E+02  -0.42681933E-01
   0.14080000E+02  -0.45007818E-01
   0.14090000E+02  -0.47339128E-01
   0.14100000E+02  -0.49675881E-01
   0.14110000E+02  -0.52018094E-01
   0.14120000E+02  -0.54365782E-01
   0.14130000E+02  -0.56718962E-01
   0.14140000E+02  -0.59077653E-01
   0.14150000E+02  -0.61441871E-01
   0.14160000E+02  -0.63811632E-01
   0.14170000E+02  -0.66186953E-01
   0.14180000E+02  -0.68567852E-01
   0.14190000E+02  -0.70954347E-01
   0.14200000E+02  -0.73346453E-01
   0.14210000E+02  -0.75744188E-01
   0.14220000E+02  -0.78147568E-01
   0.14230000E+02  -0.80556613E-01
   0.14240000E+02  -0.82971338E-01
   0.14250000E+02  -0.85391760E-01
   0.14260000E+02  -0.87817897E-01
   0.14270000E+02  -0.90249766E-01
   0.14280000E+02  -0.92687385E-01
   0.14290000E+02  -0.95130771E-01
   0.14300000E+02  -0.97579940E-01
   0.14310000E+02  -0.10003491E+00
   0.14320000E+02  -0.10249570E+00
   0.14330000E+02  -0.10496233E+00
   0.14340000E+02  -0.10743481E+00
   0.14350000E+02  -0.10991316E+00
   0.14360000E+02  -0.11239740E+00
   0.14370000E+02  -0.11488754E+00
   0.14380000E+02  -0.11738361E+00
   0.14390000E+02  -0.11988562E+00
   0.14400000E+02  -0.12239359E+00
   0.14410000E+02  -0.12490753E+00
   0.14420000E+02  -0.12742747E+00
   0.14430000E+02  -0.12995342E+00
   0.14440000E+02  -0.13248539E+00
   0.14450000E+02  -0.13502341E+00
   0.14460000E+02  -0.13756750E+00
   0.14470000E+02  -0.14011767E+00
   0.14480000E+02  -0.14267393E+00
   0.14490000E+02  -0.14523632E+00
   0.14500000E+02  -0.14780484E+00
   0.14510000E+02  -0.15037950E+00
   0.14520000E+02  -0.15296034E+00
   0.14530000E+02  -0.15554737E+00
   0.14540000E+02  -0.15814059E+00
   0.14550000E+02  -0.16074005E+00
   0.14560000E+02  -0.16334574E+00
   0.14570000E+02  -0.16595768E+00
   0.14580000E+02  -0.16857591E+00
   0.14590000E+02  -0.17120042E+00
   0.14600000E+02  -0.17383125E+00
   0.14610000E+02  -0.17646840E+00
   0.14620000E+02  -0.17911190E+00
   0.14630000E+02  -0.18176176E+00
   0.14640000E+02  -0.18441800E+00
   0.14650000E+02  -0.18708064E+00
   0.14660000E+02  -0.18974969E+00
   0.14670000E+02  -0.19242518E+00
   0.14680000E+02  -0.19510711E+00
   0.14690000E+02  -0.19779552E+00
   0.14700000E+02  -0.20049041E+00
   0.14710000E+02  -0.20319180E+00
   0.14720000E+02  -0.20589972E+00
   0.14730000E+02  -0.20861416E+00
   0.14740000E+02  -0.21133517E+00
   0.14750000E+02  -0.21406275E+00
   0.14760000E+02  -0.21679691E+00
   0.14770000E+02  -0.21953769E+00
   0.14780000E+02  -0.22228508E+00
   0.14790000E+02  -0.22503912E+00
   0.14800000E+02  -0.22779982E+00
   0.14810000E+02  -0.23056719E+00
   0.14820000E+02  -0.23334126E+00
   0.14830000E+02  -0.23612203E+00
   0.14840000E+02  -0.23890954E+00
   0.14850000E+02  -0.24170378E+00
   0.14860000E+02  -0.24450479E+00
   0.14870000E+02  -0.24731257E+00
   0.14880000E+02  -0.25012715E+00
   0.14890000E+02  -0.25294855E+00
   0.14900000E+02  -0.25577676E+00
   0.14910000E+02  -0.25861183E+00
   0.14920000E+02  -0.26145375E+00
   0.14930000E+02  -0.26430256E+00
   0.14940000E+02  -0.26715826E+00
   0.14950000E+02  -0.27002087E+00
   0.14960000E+02  -0.27289041E+00
   0.14970000E+02  -0.27576689E+00
   0.14980000E+02  -0.27865034E+00
   0.14990000E+02  -0.28154075E+00
   0.15000000E+02  -0.28443817E+00
   0.15010000E+02  -0.28734259E+00
   0.15020000E+02  -0.29025404E+00
   0.15030000E+02  -0.29317253E+00
   0.15040000E+02  -0.29609808E+00
   0.15050000E+02  -0.29903070E+00
   0.15060000E+02  -0.30197041E+00
   0.15070000E+02  -0.30491722E+00
   0.15080000E+02  -0.30787116E+00
   0.15090000E+02  -0.31083223E+00
   0.15100000E+02  -0.31380045E+00
   0.15110000E+02  -0.31677584E+00
   0.15120000E+02  -0.31975841E+00
   0.15130000E+02  -0.32274818E+00
   0.15140000E+02  -0.32574516E+00
   0.15150000E+02  -0.32874937E+00
   0.15160000E+02  -0.33176082E+00
   0.15170000E+02  -0.33477953E+00
   0.15180000E+02  -0.33780551E+00
   0.15190000E+02  -0.34083878E+00
   0.15200000E+02  -0.34387934E+00
   0.15210000E+02  -0.34692723E+00
   0.15220000E+02  -0.34998244E+00
   0.15230000E+02  -0.35304500E+00
   0.15240000E+02  -0.35611492E+00
   0.15250000E+02  -0.35919220E+00
   0.15260000E+02  -0.36227688E+00
   0.15270000E+02  -0.36536896E+00
   0.15280000E+02  -0.36846845E+00
   0.15290000E+02  -0.37157536E+00
   0.15300000E+02  -0.37468972E+00
   0.15310000E+02  -0.37781153E+00
   0.15320000E+02  -0.38094081E+00
   0.15330000E+02  -0.38407757E+00
   0.15340000E+02  -0.38722183E+00
   0.15350000E+02  -0.39037359E+00
   0.15360000E+02  -0.39353287E+00
   0.15370000E+02  -0.39669968E+00
   0.15380000E+02  -0.39987403E+00
   0.15390000E+02  -0.40305594E+00
   0.15400000E+02  -0.40624542E+00
   0.15410000E+02  -0.40944248E+00
   0.15420000E+02  -0.41264713E+00
   0.15430000E+02  -0.41585938E+00
   0.15440000E+02  -0.41907926E+00
   0.15450000E+02  -0.42230675E+00
   0.15460000E+02  -0.42554189E+00
   0.15470000E+02  -0.42878467E+00
   0.15480000E+02  -0.43203512E+00
   0.15490000E+02  -0.43529324E+00
   0.15500000E+02  -0.43855904E+00
   0.15510000E+02  -0.44183253E+00
   0.15520000E+02  -0.44511372E+00
   0.15530000E+02  -0.44840263E+00
   0.15540000E+02  -0.45169926E+00
   0.15550000E+02  -0.45500362E+00
   0.15560000E+02  -0.45831573E+00
   0.15570000E+02  -0.46163559E+00
   0.15580000E+02  -0.46496321E+00
   0.15590000E+02  -0.46829860E+00
   0.15600000E+02  -0.47164177E+00
   0.15610000E+02  -0.47499273E+00
   0.15620000E+02  -0.47835149E+00
   0.15630000E+02  -0.48171805E+00
   0.15640000E+02  -0.48509243E+00
   0.15650000E+02  -0.48847463E+00
   0.15660000E+02  -0.49186466E+00
   0.15670000E+02  -0.49526253E+00
   0.15680000E+02  -0.49866825E+00
   0.15690000E+02  -0.50208181E+00
   0.15700000E+02  -0.50550325E+00
   0.15710000E+02  -0.50893254E+00
   0.15720000E+02  -0.51236971E+00
   0.15730000E+02  -0.51581477E+00
   0.15740000E+02  -0.51926771E+00
   0.15750000E+02  -0.52272855E+00
   0.15760000E+02  -0.52619728E+00
   0.15770000E+02  -0.52967393E+00
   0.15780000E+02  -0.53315848E+00
   0.15790000E+02  -0.53665096E+00
   0.15800000E+02  -0.54015136E+00
   0.15810000E+02  -0.54365968E+00
   0.15820000E+02  -0.54717594E+00
   0.15830000E+02  -0.55070014E+00
   0.15840000E+02  -0.55423228E+00
   0.15850000E+02  -0.55777237E+00
   0.15860000E+02  -0.56132041E+00
   0.15870000E+02  -0.56487641E+00
   0.15880000E+02  -0.56844036E+00
   0.15890000E+02  -0.57201228E+00
   0.15900000E+02  -0.57559216E+00
   0.15910000E+02  -0.57918002E+00
   0.15920000E+02  -0.58277585E+00
   0.15930000E+02  -0.58637966E+00
   0.15940000E+02  -0.58999144E+00
   0.15950000E+02  -0.59361120E+00
   0.15960000E+02  -0.59723896E+00
   0.15970000E+02  -0.60087469E+00
   0.15980000E+02  -0.60451841E+00
   0.15990000E+02  -0.60817012E+00
   0.16000000E+02  -0.61182982E+00
   0.16010000E+02  -0.61549751E+00
   0.16020000E+02  -0.61917320E+00
   0.16030000E+02  -0.62285688E+00
   0.16040000E+02  -0.62654855E+00
   0.16050000E+02  -0.63024822E+00
   0.16060000E+02  -0.63395589E+00
   0.16070000E+02  -0.63767155E+00
   0.16080000E+02  -0.64139520E+00
   0.16090000E+02  -0.64512686E+00
   0.16100000E+02  -0.64886650E+00
   0.16110000E+02  -0.65261414E+00
   0.16120000E+02  -0.65636978E+00
   0.16130000E+02  -0.66013341E+00
   0.16140000E+02  -0.66390503E+00
   0.16150000E+02  -0.66768463E+00
   0.16160000E+02  -0.67147223E+00
   0.16170000E+02  -0.67526782E+00
   0.16180000E+02  -0.67907139E+00
   0.16190000E+02  -0.68288294E+00
   0.16200000E+02  -0.68670247E+00
   0.16210000E+02  -0.69052998E+00
   0.16220000E+02  -0.69436547E+00
   0.16230000E+02  -0.69820892E+00
   0.16240000E+02  -0.70206035E+00
   0.16250000E+02  -0.70591974E+00
   0.16260000E+02  -0.70978710E+00
   0.16270000E+02  -0.71366242E+00
   0.16280000E+02  -0.71754569E+00
   0.16290000E+02  -0.72143691E+00
   0.16300000E+02  -0.72533609E+00
   0.16310000E+02  -0.72924321E+00
   0.16320000E+02  -0.73315826E+00
   0.16330000E+02  -0.73708125E+00
   0.16340000E+02  -0.74101217E+00
   0.16350000E+02  -0.74495103E+00
   0.16360000E+02  -0.74889779E+00
   0.16370000E+02  -0.75285247E+00
   0.16380000E+02  -0.75681507E+00
   0.16390000E+02  -0.76078558E+00
   0.16400000E+02  -0.76476398E+00
   0.16410000E+02  -0.76875027E+00
   0.16420000E+02  -0.77274445E+00
   0.16430000E+02  -0.77674652E+00
   0.16440000E+02  -0.78075647E+00
   0.16450000E+02  -0.78477427E+00
   0.16460000E+02  -0.78879995E+00
   0.16470000E+02  -0.79283349E+00
   0.16480000E+02  -0.79687487E+00
   0.16490000E+02  -0.80092410E+00
   0.16500000E+02  -0.80498116E+00
   0.16510000E+02  -0.80904606E+00
   0.16520000E+02  -0.81311879E+00
   0.16530000E+02  -0.81719932E+00
   0.16540000E+02  -0.82128766E+00
   0.16550000E+02  -0.82538381E+00
   0.16560000E+02  -0.82948775E+00
   0.16570000E+02  -0.83359948E+00
   0.16580000E+02  -0.83771898E+00
   0.16590000E+02  -0.84184625E+00
   0.16600000E+02  -0.84598130E+00
   0.16610000E+02  -0.85012410E+00
   0.16620000E+02  -0.85427464E+00
   0.16630000E+02  -0.85843291E+00
   0.16640000E+02  -0.86259893E+00
   0.16650000E+02  -0.86677267E+00
   0.16660000E+02  -0.87095412E+00
   0.16670000E+02  -0.87514326E+00
   0.16680000E+02  -0.87934012E+00
   0.16690000E+02  -0.88354466E+00
   0.16700000E+02  -0.88775688E+00
   0.16710000E+02  -0.89197676E+00
   0.16720000E+02  -0.89620431E+00
   0.16730000E+02  -0.90043953E+00
   0.16740000E+02  -0.90468238E+00
   0.16750000E+02  -0.90893286E+00
   0.16760000E+02  -0.91319096E+00
   0.16770000E+02  -0.91745670E+00
   0.16780000E+02  -0.92173004E+00
   0.16790000E+02  -0.92601097E+00
   0.16800000E+02  -0.93029949E+00
   0.16810000E+02  -0.93459560E+00
   0.16820000E+02  -0.93889928E+00
   0.16830000E+02  -0.94321051E+00
   0.16840000E+02  -0.94752929E+00
   0.16850000E+02  -0.95185562E+00
   0.16860000E+02  -0.95618950E+00
   0.16870000E+02  -0.96053089E+00
   0.16880000E+02  -0.96487978E+00
   0.16890000E+02  -0.96923618E+00
   0.16900000E+02  -0.97360009E+00
   0.16910000E+02  -0.97797148E+00
   0.16920000E+02  -0.98235033E+00
   0.16930000E+02  -0.98673665E+00
   0.16940000E+02  -0.99113044E+00
   0.16950000E+02  -0.99553167E+00
   0.16960000E+02  -0.99994033E+00
   0.16970000E+02  -0.10043564E+01
   0.16980000E+02  -0.10087799E+01
   0.16990000E+02  -0.10132108E+01
   0.17000000E+02  -0.10176492E+01
   0.17010000E+02  -0.10220948E+01
   0.17020000E+02  -0.10265479E+01
   0.17030000E+02  -0.10310084E+01
   0.17040000E+02  -0.10354762E+01
   0.17050000E+02  -0.10399513E+01
   0.17060000E+02  -0.10444338E+01
   0.17070000E+02  -0.10489236E+01
   0.17080000E+02  -0.10534208E+01
   0.17090000E+02  -0.10579252E+01
   0.17100000E+02  -0.10624369E+01
   0.17110000E+02  -0.10669559E+01
   0.17120000E+02  -0.10714823E+01
   0.17130000E+02  -0.10760158E+01
   0.17140000E+02  -0.10805566E+01
   0.17150000E+02  -0.10851047E+01
   0.17160000E+02  -0.10896600E+01
   0.17170000E+02  -0.10942226E+01
   0.17180000E+02  -0.10987923E+01
   0.17190000E+02  -0.11033693E+01
   0.17200000E+02  -0.11079535E+01
   0.17210000E+02  -0.11125449E+01
   0.17220000E+02  -0.11171434E+01
   0.17230000E+02  -0.11217491E+01
   0.17240000E+02  -0.11263620E+01
   0.17250000E+02  -0.11309820E+01
   0.17260000E+02  -0.11356091E+01
   0.17270000E+02  -0.11402434E+01
   0.17280000E+02  -0.11448848E+01
   0.17290000E+02  -0.11495333E+01
   0.17300000E+02  -0.11541889E+01
   0.17310000E+02  -0.11588516E+01
   0.17320000E+02  -0.11635214E+01
   0.17330000E+02  -0.11681982E+01
   0.17340000E+02  -0.11728821E+01
   0.17350000E+02  -0.11775731E+01
   0.17360000E+02  -0.11822710E+01
   0.17370000E+02  -0.11869761E+01
   0.17380000E+02  -0.11916881E+01
   0.17390000E+02  -0.11964071E+01
   0.17400000E+02  -0.12011332E+01
   0.17410000E+02  -0.12058662E+01
   0.17420000E+02  -0.12106062E+01
   0.17430000E+02  -0.12153532E+01
   0.17440000E+02  -0.12201071E+01
   0.17450000E+02  -0.12248679E+01
   0.17460000E+02  -0.12296357E+01
   0.17470000E+02  -0.12344105E+01
   0.17480000E+02  -0.12391921E+01
   0.17490000E+02  -0.12439806E+01
   0.17500000E+02  -0.12487761E+01
   0.17510000E+02  -0.12535784E+01
   0.17520000E+02  -0.12583876E+01
   0.17530000E+02  -0.12632036E+01
   0.17540000E+02  -0.12680266E+01
   0.17550000E+02  -0.12728563E+01
   0.17560000E+02  -0.12776929E+01
   0.17570000E+02  -0.12825363E+01
   0.17580000E+02  -0.12873865E+01
   0.17590000E+02  -0.12922435E+01
   0.17600000E+02  -0.12971073E+01
   0.17610000E+02  -0.13019778E+01
   0.17620000E+02  -0.13068551E+01
   0.17630000E+02  -0.13117393E+01
   0.17640000E+02  -0.13166301E+01
   0.17650000E+02  -0.13215276E+01
   0.17660000E+02  -0.13264319E+01
   0.17670000E+02  -0.13313429E+01
   0.17680000E+02  -0.13362606E+01
   0.17690000E+02  -0.13411849E+01
   0.17700000E+02  -0.13461159E+01
   0.17710000E+02  -0.13510536E+01
   0.17720000E+02  -0.13559980E+01
   0.17730000E+02  -0.13609490E+01
   0.17740000E+02  -0.13659065E+01
   0.17750000E+02  -0.13708707E+01
   0.17760000E+02  -0.13758416E+01
   0.17770000E+02  -0.13808190E+01
   0.17780000E+02  -0.13858030E+01
   0.17790000E+02  -0.13907935E+01
   0.17800000E+02  -0.13957906E+01
   0.17810000E+02  -0.14007943E+01
   0.17820000E+02  -0.14058044E+01
   0.17830000E+02  -0.14108210E+01
   0.17840000E+02  -0.14158442E+01
   0.17850000E+02  -0.14208739E+01
   0.17860000E+02  -0.14259100E+01
   0.17870000E+02  -0.14309526E+01
   0.17880000E+02  -0.14360016E+01
   0.17890000E+02  -0.14410571E+01
   0.17900000E+02  -0.14461190E+01
   0.17910000E+02  -0.14511873E+01
   0.17920000E+02  -0.14562619E+01
   0.17930000E+02  -0.14613430E+01
   0.17940000E+02  -0.14664305E+01
   0.17950000E+02  -0.14715243E+01
   0.17960000E+02  -0.14766243E+01
   0.17970000E+02  -0.14817307E+01
   0.17980000E+02  -0.14868436E+01
   0.17990000E+02  -0.14919626E+01
   0.18000000E+02  -0.14970878E+01
   0.18010000E+02  -0.15022193E+01
   0.18020000E+02  -0.15073572E+01
   0.18030000E+02  -0.15125013E+01
   0.18040000E+02  -0.15176514E+01
   0.18050000E+02  -0.15228078E+01
   0.18060000E+02  -0.15279705E+01
   0.18070000E+02  -0.15331394E+01
   0.18080000E+02  -0.15383143E+01
   0.18090000E+02  -0.15434953E+01
   0.18100000E+02  -0.15486825E+01
   0.18110000E+02  -0.15538759E+01
   0.18120000E+02  -0.15590752E+01
   0.18130000E+02  -0.15642806E+01
   0.18140000E+02  -0.15694921E+01
   0.18150000E+02  -0.15747097E+01
   0.18160000E+02  -0.15799333E+01
   0.18170000E+02  -0.15851627E+01
   0.18180000E+02  -0.15903982E+01
   0.18190000E+02  -0.15956397E+01
   0.18200000E+02  -0.16008872E+01
   0.18210000E+02  -0.16061405E+01
   0.18220000E+02  -0.16113997E+01
   0.18230000E+02  -0.16166649E+01
   0.18240000E+02  -0.16219360E+01
   0.18250000E+02  -0.16272128E+01
   0.18260000E+02  -0.16324954E+01
   0.18270000E+02  -0.16377839E+01
   0.18280000E+02  -0.16430784E+01
   0.18290000E+02  -0.16483785E+01
   0.18300000E+02  -0.16536842E+01
   0.18310000E+02  -0.16589957E+01
   0.18320000E+02  -0.16643132E+01
   0.18330000E+02  -0.16696363E+01
   0.18340000E+02  -0.16749648E+01
   0.18350000E+02  -0.16802990E+01
   0.18360000E+02  -0.16856391E+01
   0.18370000E+02  -0.16909849E+01
   0.18380000E+02  -0.16963359E+01
   0.18390000E+02  -0.17016925E+01
   0.18400000E+02  -0.17070549E+01
   0.18410000E+02  -0.17124229E+01
   0.18420000E+02  -0.17177963E+01
   0.18430000E+02  -0.17231749E+01
   0.18440000E+02  -0.17285592E+01
   0.18450000E+02  -0.17339492E+01
   0.18460000E+02  -0.17393444E+01
   0.18470000E+02  -0.17447448E+01
   0.18480000E+02  -0.17501507E+01
   0.18490000E+02  -0.17555622E+01
   0.18500000E+02  -0.17609790E+01
   0.18510000E+02  -0.17664009E+01
   0.18520000E+02  -0.17718280E+01
   0.18530000E+02  -0.17772606E+01
   0.18540000E+02  -0.17826986E+01
   0.18550000E+02  -0.17881416E+01
   0.18560000E+02  -0.17935896E+01
   0.18570000E+02  -0.17990430E+01
   0.18580000E+02  -0.18045018E+01
   0.18590000E+02  -0.18099655E+01
   0.18600000E+02  -0.18154341E+01
   0.18610000E+02  -0.18209079E+01
   0.18620000E+02  -0.18263871E+01
   0.18630000E+02  -0.18318712E+01
   0.18640000E+02  -0.18373600E+01
   0.18650000E+02  -0.18428538E+01
   0.18660000E+02  -0.18483529E+01
   0.18670000E+02  -0.18538572E+01
   0.18680000E+02  -0.18593659E+01
   0.18690000E+02  -0.18648793E+01
   0.18700000E+02  -0.18703979E+01
   0.18710000E+02  -0.18759218E+01
   0.18720000E+02  -0.18814501E+01
   0.18730000E+02  -0.18869828E+01
   0.18740000E+02  -0.18925205E+01
   0.18750000E+02  -0.18980635E+01
   0.18760000E+02  -0.19036110E+01
   0.18770000E+02  -0.19091628E+01
   0.18780000E+02  -0.19147192E+01
   0.18790000E+02  -0.19202808E+01
   0.18800000E+02  -0.19258472E+01
   0.18810000E+02  -0.19314176E+01
   0.18820000E+02  -0.19369924E+01
   0.18830000E+02  -0.19425722E+01
   0.18840000E+02  -0.19481570E+01
   0.18850000E+02  -0.19537457E+01
   0.18860000E+02  -0.19593386E+01
   0.18870000E+02  -0.19649362E+01
   0.18880000E+02  -0.19705388E+01
   0.18890000E+02  -0.19761456E+01
   0.18900000E+02  -0.19817561E+01
   0.18910000E+02  -0.19873711E+01
   0.18920000E+02  -0.19929911E+01
   0.18930000E+02  -0.19986155E+01
   0.18940000E+02  -0.20042434E+01
   0.18950000E+02  -0.20098754E+01
   0.18960000E+02  -0.20155123E+01
   0.18970000E+02  -0.20211539E+01
   0.18980000E+02  -0.20267989E+01
   0.18990000E+02  -0.20324477E+01
   0.19000000E+02  -0.20381010E+01
   0.19010000E+02  -0.20437592E+01
   0.19020000E+02  -0.20494210E+01
   0.19030000E+02  -0.20550861E+01
   0.19040000E+02  -0.20607555E+01
   0.19050000E+02  -0.20664298E+01
   0.19060000E+02  -0.20721080E+01
   0.19070000E+02  -0.20777893E+01
   0.19080000E+02  -0.20834744E+01
   0.19090000E+02  -0.20891643E+01
   0.19100000E+02  -0.20948585E+01
   0.19110000E+02  -0.21005556E+01
   0.19120000E+02  -0.21062561E+01
   0.19130000E+02  -0.21119611E+01
   0.19140000E+02  -0.21176708E+01
   0.19150000E+02  -0.21233835E+01
   0.19160000E+02  -0.21290991E+01
   0.19170000E+02  -0.21348188E+01
   0.19180000E+02  -0.21405434E+01
   0.19190000E+02  -0.21462714E+01
   0.19200000E+02  -0.21520018E+01
   0.19210000E+02  -0.21577359E+01
   0.19220000E+02  -0.21634749E+01
   0.19230000E+02  -0.21692177E+01
   0.19240000E+02  -0.21749628E+01
   0.19250000E+02  -0.21807110E+01
   0.19260000E+02  -0.21864637E+01
   0.19270000E+02  -0.21922210E+01
   0.19280000E+02  -0.21979805E+01
   0.19290000E+02  -0.22037426E+01
   0.19300000E+02  -0.22095086E+01
   0.19310000E+02  -0.22152797E+01
   0.19320000E+02  -0.22210535E+01
   0.19330000E+02  -0.22268291E+01
   0.19340000E+02  -0.22326083E+01
   0.19350000E+02  -0.22383926E+01
   0.19360000E+02  -0.22441802E+01
   0.19370000E+02  -0.22499693E+01
   0.19380000E+02  -0.22557614E+01
   0.19390000E+02  -0.22615582E+01
   0.19400000E+02  -0.22673592E+01
   0.19410000E+02  -0.22731617E+01
   0.19420000E+02  -0.22789664E+01
   0.19430000E+02  -0.22847752E+01
   0.19440000E+02  -0.22905892E+01
   0.19450000E+02  -0.22964049E+01
   0.19460000E+02  -0.23022220E+01
   0.19470000E+02  -0.23080426E+01
   0.19480000E+02  -0.23138687E+01
   0.19490000E+02  -0.23196974E+01
   0.19500000E+02  -0.23255269E+01
   0.19510000E+02  -0.23313592E+01
   0.19520000E+02  -0.23371965E+01
   0.19530000E+02  -0.23430379E+01
   0.19540000E+02  -0.23488798E+01
   0.19550000E+02  -0.23547235E+01
   0.19560000E+02  -0.23605717E+01
   0.19570000E+02  -0.23664250E+01
   0.19580000E+02  -0.23722793E+01
   0.19590000E+02  -0.23781343E+01
   0.19600000E+02  -0.23839930E+01
   0.19610000E+02  -0.23898576E+01
   0.19620000E+02  -0.23957241E+01
   0.19630000E+02  -0.24015904E+01
   0.19640000E+02  -0.24074595E+01
   0.19650000E+02  -0.24133344E+01
   0.19660000E+02  -0.24192128E+01
   0.19670000E+02  -0.24250906E+01
   0.19680000E+02  -0.24309701E+01
   0.19690000E+02  -0.24368545E+01
   0.19700000E+02  -0.24427443E+01
   0.19710000E+02  -0.24486337E+01
   0.19720000E+02  -0.24545234E+01
   0.19730000E+02  -0.24604171E+01
   0.19740000E+02  -0.24663173E+01
   0.19750000E+02  -0.24722183E+01
   0.19760000E+02  -0.24781183E+01
   0.19770000E+02  -0.24840212E+01
   0.19780000E+02  -0.24899309E+01
   0.19790000E+02  -0.24958433E+01
   0.19800000E+02  -0.25017539E+01
   0.19810000E+02  -0.25076660E+01
   0.19820000E+02  -0.25135841E+01
   0.19830000E+02  -0.25195074E+01
   0.19840000E+02  -0.25254289E+01
   0.19850000E+02  -0.25313503E+01
   0.19860000E+02  -0.25372763E+01
   0.19870000E+02  -0.25432095E+01
   0.19880000E+02  -0.25491421E+01
   0.19890000E+02  -0.25550728E+01
   0.19900000E+02  -0.25610067E+01
   0.19910000E+02  -0.25669487E+01
   0.19920000E+02  -0.25728924E+01
   0.19930000E+02  -0.25788328E+01
   0.19940000E+02  -0.25847748E+01
   0.19950000E+02  -0.25907242E+01
   0.19960000E+02  -0.25966786E+01
   0.19970000E+02  -0.26026292E+01
   0.19980000E+02  -0.26085795E+01
   0.19990000E+02  -0.26145355E+01
   0.20000000E+02  -0.26204995E+01
   0.20010000E+02  -0.26264609E+01
   0.20020000E+02  -0.26324195E+01
   0.20030000E+02  -0.26383820E+01
   0.20040000E+02  -0.26443543E+01
   0.20050000E+02  -0.26503266E+01
   0.20060000E+02  -0.26562941E+01
   0.20070000E+02  -0.26622635E+01
   0.20080000E+02  -0.26682423E+01
   0.20090000E+02  -0.26742254E+01
   0.20100000E+02  -0.26802024E+01
   0.20110000E+02  -0.26861790E+01
   0.20120000E+02  -0.26921631E+01
   0.20130000E+02  -0.26981558E+01
   0.20140000E+02  -0.27041433E+01
   0.20150000E+02  -0.27101274E+01
   0.20160000E+02  -0.27161165E+01
   0.20170000E+02  -0.27221172E+01
   0.20180000E+02  -0.27281158E+01
   0.20190000E+02  -0.27341077E+01
   0.20200000E+02  -0.27401023E+01
   0.20210000E+02  -0.27461089E+01
   0.20220000E+02  -0.27521185E+01
   0.20230000E+02  -0.27581194E+01
   0.20240000E+02  -0.27641201E+01
   0.20250000E+02  -0.27701307E+01
   0.20260000E+02  -0.27761503E+01
   0.20270000E+02  -0.27821615E+01
   0.20280000E+02  -0.27881686E+01
   0.20290000E+02  -0.27941825E+01
   0.20300000E+02  -0.28002103E+01
   0.20310000E+02  -0.28062327E+01
   0.20320000E+02  -0.28122468E+01
   0.20330000E+02  -0.28182645E+01
   0.20340000E+02  -0.28242978E+01
   0.20350000E+02  -0.28303318E+01
   0.20360000E+02  -0.28363541E+01
   0.20370000E+02  -0.28423766E+01
   0.20380000E+02  -0.28484128E+01
   0.20390000E+02  -0.28544576E+01
   0.20400000E+02  -0.28604899E+01
   0.20410000E+02  -0.28665178E+01
   0.20420000E+02  -0.28725553E+01
   0.20430000E+02  -0.28786089E+01
   0.20440000E+02  -0.28846528E+01
   0.20450000E+02  -0.28906868E+01
   0.20460000E+02  -0.28967261E+01
   0.20470000E+02  -0.29027852E+01
   0.20480000E+02  -0.29088416E+01
   0.20490000E+02  -0.29148829E+01
   0.20500000E+02  -0.29209254E+01
   0.20510000E+02  -0.29269864E+01
   0.20520000E+02  -0.29330549E+01
   0.20530000E+02  -0.29391058E+01
   0.20540000E+02  -0.29451524E+01
   0.20550000E+02  -0.29512129E+01
   0.20560000E+02  -0.29572912E+01
   0.20570000E+02  -0.29633542E+01
   0.20580000E+02  -0.29694058E+01
   0.20590000E+02  -0.29754655E+01
   0.20600000E+02  -0.29815500E+01
   0.20610000E+02  -0.29876267E+01
   0.20620000E+02  -0.29936846E+01
   0.20630000E+02  -0.29997453E+01
   0.20640000E+02  -0.30058311E+01
   0.20650000E+02  -0.30119217E+01
   0.20660000E+02  -0.30179886E+01
   0.20670000E+02  -0.30240520E+01
   0.20680000E+02  -0.30301352E+01
   0.20690000E+02  -0.30362374E+01
   0.20700000E+02  -0.30423169E+01
   0.20710000E+02  -0.30483841E+01
   0.20720000E+02  -0.30544634E+01
   0.20730000E+02  -0.30605730E+01
   0.20740000E+02  -0.30666677E+01
   0.20750000E+02  -0.30727400E+01
   0.20760000E+02  -0.30788175E+01
   0.20770000E+02  -0.30849285E+01
   0.20780000E+02  -0.30910393E+01
   0.20790000E+02  -0.30971197E+01
   0.20800000E+02  -0.31031980E+01
   0.20810000E+02  -0.31093044E+01
   0.20820000E+02  -0.31154296E+01
   0.20830000E+02  -0.31215230E+01
   0.20840000E+02  -0.31276035E+01
   0.20850000E+02  -0.31337025E+01
   0.20860000E+02  -0.31398372E+01
   0.20870000E+02  -0.31459473E+01
   0.20880000E+02  -0.31520317E+01
   0.20890000E+02  -0.31581251E+01
   0.20900000E+02  -0.31642621E+01
   0.20910000E+02  -0.31703911E+01
   0.20920000E+02  -0.31764823E+01
   0.20930000E+02  -0.31825739E+01
   0.20940000E+02  -0.31887048E+01
   0.20950000E+02  -0.31948518E+01
   0.20960000E+02  -0.32009558E+01
   0.20970000E+02  -0.32070477E+01
   0.20980000E+02  -0.32131673E+01
   0.20990000E+02  -0.32193272E+01
   0.21000000E+02  -0.32254497E+01
   0.21010000E+02  -0.32315439E+01
   0.21020000E+02  -0.32376528E+01
   0.21030000E+02  -0.32438169E+01
   0.21040000E+02  -0.32499617E+01
   0.21050000E+02  -0.32560613E+01
   0.21060000E+02  -0.32621644E+01
   0.21070000E+02  -0.32683218E+01
   0.21080000E+02  -0.32744892E+01
   0.21090000E+02  -0.32806006E+01
   0.21100000E+02  -0.32867019E+01
   0.21110000E+02  -0.32928438E+01
   0.21120000E+02  -0.32990289E+01
   0.21130000E+02  -0.33051605E+01
   0.21140000E+02  -0.33112622E+01
   0.21150000E+02  -0.33173871E+01
   0.21160000E+02  -0.33235798E+01
   0.21170000E+02  -0.33297372E+01
   0.21180000E+02  -0.33358425E+01
   0.21190000E+02  -0.33419560E+01
   0.21200000E+02  -0.33481428E+01
   0.21210000E+02  -0.33543285E+01
   0.21220000E+02  -0.33604438E+01
   0.21230000E+02  -0.33665525E+01
   0.21240000E+02  -0.33727197E+01
   0.21250000E+02  -0.33789297E+01
   0.21260000E+02  -0.33850664E+01
   0.21270000E+02  -0.33911731E+01
   0.21280000E+02  -0.33973158E+01
   0.21290000E+02  -0.34035386E+01
   0.21300000E+02  -0.34097051E+01
   0.21310000E+02  -0.34158132E+01
   0.21320000E+02  -0.34219367E+01
   0.21330000E+02  -0.34281561E+01
   0.21340000E+02  -0.34343574E+01
   0.21350000E+02  -0.34404730E+01
   0.21360000E+02  -0.34465872E+01
   0.21370000E+02  -0.34527841E+01
   0.21380000E+02  -0.34590179E+01
   0.21390000E+02  -0.34651549E+01
   0.21400000E+02  -0.34712642E+01
   0.21410000E+02  -0.34774281E+01
   0.21420000E+02  -0.34836825E+01
   0.21430000E+02  -0.34898535E+01
   0.21440000E+02  -0.34959614E+01
   0.21450000E+02  -0.35020958E+01
   0.21460000E+02  -0.35083514E+01
   0.21470000E+02  -0.35145644E+01
   0.21480000E+02  -0.35206771E+01
   0.21490000E+02  -0.35267948E+01
   0.21500000E+02  -0.35330270E+01
   0.21510000E+02  -0.35392827E+01
   0.21520000E+02  -0.35454147E+01
   0.21530000E+02  -0.35515244E+01
   0.21540000E+02  -0.35577145E+01
   0.21550000E+02  -0.35640014E+01
   0.21560000E+02  -0.35701712E+01
   0.21570000E+02  -0.35762763E+01
   0.21580000E+02  -0.35824239E+01
   0.21590000E+02  -0.35887195E+01
   0.21600000E+02  -0.35949389E+01
   0.21610000E+02  -0.36010455E+01
   0.21620000E+02  -0.36071654E+01
   0.21630000E+02  -0.36134398E+01
   0.21640000E+02  -0.36197139E+01
   0.21650000E+02  -0.36258354E+01
   0.21660000E+02  -0.36319430E+01
   0.21670000E+02  -0.36381668E+01
   0.21680000E+02  -0.36444861E+01
   0.21690000E+02  -0.36506481E+01
   0.21700000E+02  -0.36567472E+01
   0.21710000E+02  -0.36629127E+01
   0.21720000E+02  -0.36692520E+01
   0.21730000E+02  -0.36754715E+01
   0.21740000E+02  -0.36815681E+01
   0.21750000E+02  -0.36876906E+01
   0.21760000E+02  -0.36940143E+01
   0.21770000E+02  -0.37003019E+01
   0.21780000E+02  -0.37064079E+01
   0.21790000E+02  -0.37125107E+01
   0.21800000E+02  -0.37187777E+01
   0.21810000E+02  -0.37251277E+01
   0.21820000E+02  -0.37312737E+01
   0.21830000E+02  -0.37373642E+01
   0.21840000E+02  -0.37435551E+01
   0.21850000E+02  -0.37499410E+01
   0.21860000E+02  -0.37561526E+01
   0.21870000E+02  -0.37622360E+01
   0.21880000E+02  -0.37683632E+01
   0.21890000E+02  -0.37747436E+01
   0.21900000E+02  -0.37810372E+01
   0.21910000E+02  -0.37871240E+01
   0.21920000E+02  -0.37932188E+01
   0.21930000E+02  -0.37995411E+01
   0.21940000E+02  -0.38059176E+01
   0.21950000E+02  -0.38120388E+01
   0.21960000E+02  -0.38181178E+01
   0.21970000E+02  -0.38243450E+01
   0.21980000E+02  -0.38307791E+01
   0.21990000E+02  -0.38369731E+01
   0.22000000E+02  -0.38430401E+01
   0.22010000E+02  -0.38491774E+01
   0.22020000E+02  -0.38556212E+01
   0.22030000E+02  -0.38619113E+01
   0.22040000E+02  -0.38679755E+01
   0.22050000E+02  -0.38740602E+01
   0.22060000E+02  -0.38804511E+01
   0.22070000E+02  -0.38868472E+01
   0.22080000E+02  -0.38929351E+01
   0.22090000E+02  -0.38989997E+01
   0.22100000E+02  -0.39052780E+01
   0.22110000E+02  -0.39117590E+01
   0.22120000E+02  -0.39179242E+01
   0.22130000E+02  -0.39239718E+01
   0.22140000E+02  -0.39301284E+01
   0.22150000E+02  -0.39366415E+01
   0.22160000E+02  -0.39429165E+01
   0.22170000E+02  -0.39489543E+01
   0.22180000E+02  -0.39550297E+01
   0.22190000E+02  -0.39615023E+01
   0.22200000E+02  -0.39679079E+01
   0.22210000E+02  -0.39739561E+01
   0.22220000E+02  -0.39800021E+01
   0.22230000E+02  -0.39863499E+01
   0.22240000E+02  -0.39928735E+01
   0.22250000E+02  -0.39989965E+01
   0.22260000E+02  -0.40050218E+01
   0.22270000E+02  -0.40112123E+01
   0.22280000E+02  -0.40177985E+01
   0.22290000E+02  -0.40240447E+01
   0.22300000E+02  -0.40300533E+01
   0.22310000E+02  -0.40361234E+01
   0.22320000E+02  -0.40426896E+01
   0.22330000E+02  -0.40490908E+01
   0.22340000E+02  -0.40550966E+01
   0.22350000E+02  -0.40611183E+01
   0.22360000E+02  -0.40675577E+01
   0.22370000E+02  -0.40741142E+01
   0.22380000E+02  -0.40801810E+01
   0.22390000E+02  -0.40861815E+01
   0.22400000E+02  -0.40924263E+01
   0.22410000E+02  -0.40990860E+01
   0.22420000E+02  -0.41052877E+01
   0.22430000E+02  -0.41112654E+01
   0.22440000E+02  -0.41173397E+01
   0.22450000E+02  -0.41240088E+01
   0.22460000E+02  -0.41303878E+01
   0.22470000E+02  -0.41363512E+01
   0.22480000E+02  -0.41423434E+01
   0.22490000E+02  -0.41488977E+01
   0.22500000E+02  -0.41554729E+01
   0.22510000E+02  -0.41614713E+01
   0.22520000E+02  -0.41674437E+01
   0.22530000E+02  -0.41737692E+01
   0.22540000E+02  -0.41804976E+01
   0.22550000E+02  -0.41866372E+01
   0.22560000E+02  -0.41925823E+01
   0.22570000E+02  -0.41986776E+01
   0.22580000E+02  -0.42054557E+01
   0.22590000E+02  -0.42117930E+01
   0.22600000E+02  -0.42177131E+01
   0.22610000E+02  -0.42236757E+01
   0.22620000E+02  -0.42303658E+01
   0.22630000E+02  -0.42369404E+01
   0.22640000E+02  -0.42428640E+01
   0.22650000E+02  -0.42488016E+01
   0.22660000E+02  -0.42552403E+01
   0.22670000E+02  -0.42620262E+01
   0.22680000E+02  -0.42680838E+01
   0.22690000E+02  -0.42739942E+01
   0.22700000E+02  -0.42801358E+01
   0.22710000E+02  -0.42870258E+01
   0.22720000E+02  -0.42933002E+01
   0.22730000E+02  -0.42991765E+01
   0.22740000E+02  -0.43051156E+01
   0.22750000E+02  -0.43119576E+01
   0.22760000E+02  -0.43185068E+01
   0.22770000E+02  -0.43243590E+01
   0.22780000E+02  -0.43302498E+01
   0.22790000E+02  -0.43368391E+01
   0.22800000E+02  -0.43436624E+01
   0.22810000E+02  -0.43496168E+01
   0.22820000E+02  -0.43554914E+01
   0.22830000E+02  -0.43617146E+01
   0.22840000E+02  -0.43687122E+01
   0.22850000E+02  -0.43749005E+01
   0.22860000E+02  -0.43807360E+01
   0.22870000E+02  -0.43866669E+01
   0.22880000E+02  -0.43936695E+01
   0.22890000E+02  -0.44001632E+01
   0.22900000E+02  -0.44059549E+01
   0.22910000E+02  -0.44117851E+01
   0.22920000E+02  -0.44185629E+01
   0.22930000E+02  -0.44253962E+01
   0.22940000E+02  -0.44312312E+01
   0.22950000E+02  -0.44370674E+01
   0.22960000E+02  -0.44434164E+01
   0.22970000E+02  -0.44505085E+01
   0.22980000E+02  -0.44565866E+01
   0.22990000E+02  -0.44623832E+01
   0.23000000E+02  -0.44683336E+01
   0.23010000E+02  -0.44754985E+01
   0.23020000E+02  -0.44819064E+01
   0.23030000E+02  -0.44876453E+01
   0.23040000E+02  -0.44934108E+01
   0.23050000E+02  -0.45004069E+01
   0.23060000E+02  -0.45072168E+01
   0.23070000E+02  -0.45129295E+01
   0.23080000E+02  -0.45187151E+01
   0.23090000E+02  -0.45252433E+01
   0.23100000E+02  -0.45324069E+01
   0.23110000E+02  -0.45383476E+01
   0.23120000E+02  -0.45441051E+01
   0.23130000E+02  -0.45501162E+01
   0.23140000E+02  -0.45574415E+01
   0.23150000E+02  -0.45637348E+01
   0.23160000E+02  -0.45694249E+01
   0.23170000E+02  -0.45751337E+01
   0.23180000E+02  -0.45823649E+01
   0.23190000E+02  -0.45891118E+01
   0.23200000E+02  -0.45947205E+01
   0.23210000E+02  -0.46004303E+01
   0.23220000E+02  -0.46071975E+01
   0.23230000E+02  -0.46143950E+01
   0.23240000E+02  -0.46201678E+01
   0.23250000E+02  -0.46258865E+01
   0.23260000E+02  -0.46320171E+01
   0.23270000E+02  -0.46394887E+01
   0.23280000E+02  -0.46456382E+01
   0.23290000E+02  -0.46512907E+01
   0.23300000E+02  -0.46569653E+01
   0.23310000E+02  -0.46644330E+01
   0.23320000E+02  -0.46710697E+01
   0.23330000E+02  -0.46766110E+01
   0.23340000E+02  -0.46822107E+01
   0.23350000E+02  -0.46892751E+01
   0.23360000E+02  -0.46964595E+01
   0.23370000E+02  -0.47020425E+01
   0.23380000E+02  -0.47077221E+01
   0.23390000E+02  -0.47140418E+01
   0.23400000E+02  -0.47216328E+01
   0.23410000E+02  -0.47276096E+01
   0.23420000E+02  -0.47332325E+01
   0.23430000E+02  -0.47389179E+01
   0.23440000E+02  -0.47466087E+01
   0.23450000E+02  -0.47530927E+01
   0.23460000E+02  -0.47585932E+01
   0.23470000E+02  -0.47640677E+01
   0.23480000E+02  -0.47714680E+01
   0.23490000E+02  -0.47785867E+01
   0.23500000E+02  -0.47839842E+01
   0.23510000E+02  -0.47896040E+01
   0.23520000E+02  -0.47961956E+01
   0.23530000E+02  -0.48038655E+01
   0.23540000E+02  -0.48096375E+01
   0.23550000E+02  -0.48152309E+01
   0.23560000E+02  -0.48209907E+01
   0.23570000E+02  -0.48288923E+01
   0.23580000E+02  -0.48351919E+01
   0.23590000E+02  -0.48406575E+01
   0.23600000E+02  -0.48460183E+01
   0.23610000E+02  -0.48537636E+01
   0.23620000E+02  -0.48607598E+01
   0.23630000E+02  -0.48660190E+01
   0.23640000E+02  -0.48715298E+01
   0.23650000E+02  -0.48784837E+01
   0.23660000E+02  -0.48861699E+01
   0.23670000E+02  -0.48916916E+01
   0.23680000E+02  -0.48972566E+01
   0.23690000E+02  -0.49031854E+01
   0.23700000E+02  -0.49112691E+01
   0.23710000E+02  -0.49173537E+01
   0.23720000E+02  -0.49228062E+01
   0.23730000E+02  -0.49280854E+01
   0.23740000E+02  -0.49361563E+01
   0.23750000E+02  -0.49429621E+01
   0.23760000E+02  -0.49481710E+01
   0.23770000E+02  -0.49534954E+01
   0.23780000E+02  -0.49608978E+01
   0.23790000E+02  -0.49685254E+01
   0.23800000E+02  -0.49737636E+01
   0.23810000E+02  -0.49793075E+01
   0.23820000E+02  -0.49855087E+01
   0.23830000E+02  -0.49937281E+01
   0.23840000E+02  -0.49995698E+01
   0.23850000E+02  -0.50050264E+01
   0.23860000E+02  -0.50102960E+01
   0.23870000E+02  -0.50186448E+01
   0.23880000E+02  -0.50252037E+01
   0.23890000E+02  -0.50304271E+01
   0.23900000E+02  -0.50355262E+01
   0.23910000E+02  -0.50434228E+01
   0.23920000E+02  -0.50509167E+01
   0.23930000E+02  -0.50558838E+01
   0.23940000E+02  -0.50613765E+01
   0.23950000E+02  -0.50679709E+01
   0.23960000E+02  -0.50762637E+01
   0.23970000E+02  -0.50818313E+01
   0.23980000E+02  -0.50872874E+01
   0.23990000E+02  -0.50926419E+01
   0.24000000E+02  -0.51012387E+01
